name	PC1	PC2	PC3	PC4	PC5	PC6	PC7	PC8	PC9	PC10	PC11	PC12	PC13	PC14	PC15	PC16	PC17	PC18	PC19	PC20
PET0431	0.08217914991156924	-0.24165973029563578	0.11599056483532316	5.214272974208763e-4	-0.02141198567618185	-0.01562341550370579	-8.646469399296288e-4	-0.0065382222972736655	0.0029353222455581972	0.0011560164467788055	-3.901975132427552e-4	-0.005853935061627968	-0.003574661502118554	0.007247881369942787	-0.002251559583248653	0.002107792785491851	-0.0016849963815964238	0.005212630487734979	0.009538593841246308	0.008525083947942855
PET0432	0.07907221435020162	-0.24619707612501096	0.12057055208207307	-9.990986227164668e-5	-0.020752562417487637	-0.013908912067540673	5.48490772179892e-4	-0.0037455883474348944	5.897400159036604e-4	2.711112884678378e-4	-6.32727006388667e-4	-0.0015363128132194837	-0.005675707541415678	-2.6356612099319096e-4	0.0010303171866419872	7.150723459919248e-4	5.859917408918167e-4	-0.005594501640211774	0.007268302029800068	0.00275661891589412
PET0433	0.08770200736399023	-0.2723243415166684	0.1318858034658611	0.0016705437085304566	-0.03952981835417981	-0.023694455040852373	-0.007261545342361969	0.0021869308646633072	0.012165185824590814	0.008134184282506063	0.009153157098554333	0.004963373359209379	-0.012932158960010431	-0.007802970793029261	-0.001762984028231663	-0.0019516738932869673	0.0031156225577688825	0.0014804189382941917	0.009787793480331874	-7.018946061557909e-4
PET0434	0.08814375903930617	-0.2691832684127227	0.1327651750486924	0.002371184871297822	-0.03187427136328252	-0.022644906445845884	-0.002372350372848325	0.0019454981367767838	0.005292743319769878	0.004700853952302727	0.0066686134721211186	-1.0998473576162094e-4	-0.005869669708086644	-0.002737721757604731	-0.0013842924226953016	0.004295355589217191	-0.0014336455998090246	0.001235484895659947	0.0011463147953177425	0.009903731661253556
PET0435	0.09224282694351461	-0.3006043294554663	0.14769882322151995	0.002409845814605545	-0.04160467285463207	-0.029132662495628424	-0.0013958299640236067	-0.0024776070716320676	0.01655300166516231	9.42874761630938e-4	0.011266269100222232	0.001793279105787323	-3.9329241087714367e-4	-0.0043152125764822965	-0.0074854922331759185	0.0013089290435675425	3.367973455187194e-4	0.0086365397998591	0.005428289072950222	-0.005995418067051204
PET0436	0.09395893691673314	-0.2950223460192533	0.14482142224680056	-3.458871620363273e-4	-0.033535972556824195	-0.029317813508545003	-0.006409984550927228	-0.008836226313998306	0.0082086167048306	-0.00568854347618235	0.006506876015848666	-0.00502787389042577	0.0032860224027773883	-4.6198204866580673e-4	-0.00742446070149394	1.5297519396166917e-5	-0.0012025423030190864	0.006366129939754647	0.0012952846344559885	-0.004018121728866333
PET0437	0.08459442223747526	-0.24919773165958056	0.11889462400317333	0.0033757919157884728	-0.02218400338867831	-0.019609802009635535	-0.008056852745831062	-6.56410695984442e-4	-0.008958508888936829	-0.005283877784534375	-0.003896466094213714	-1.1839237341182461e-4	-0.011397421058812994	0.004744496769726282	-0.009247898812327134	0.01082775126018347	-0.003416602874929383	0.009705054362056969	-0.010359014831368776	0.0068806652379933796
PET0438	0.08814640007117262	-0.26994463594737605	0.13180389256589176	0.003104962517019383	-0.0315621573181763	-0.02139626764298746	-0.007563689923913552	-0.010533512061443246	-0.0039900613669700945	-0.011355931885897712	-0.004509927810479277	-0.018110950241224204	-0.008361881870086203	0.007605585464124166	0.018666877392707563	0.0016249609211441934	0.009784768497545936	-0.007288591409986291	-0.02012961234591838	0.005389816914387538
PET0439	0.06880427655197073	-0.21574568842351616	0.0978128699057575	0.008517800925565262	-0.022833914156631288	-0.013575213078576169	0.002497097647258356	-0.007515581700312609	0.005741285555626344	-0.005670502747774003	-0.006657417117581552	-0.014307969863193715	1.3011687684099217e-4	0.004928277295837361	0.004204215504505406	-8.942263446596675e-4	0.0020001014926990164	-0.014911251647896468	-0.004534919012921166	-0.0038965585488190922
PET0440	0.08599548322234576	-0.2543387980123716	0.12464708022905374	0.006773895390053294	-0.029299963040381932	-0.02006648659473883	-0.010279260873838677	-0.007472588432645996	-0.00733102917287788	-0.00449464477120052	-0.01097737007176854	-0.018255592434740016	-0.0036284155209327902	8.523749682272305e-4	0.015524942633496621	0.0012590819352547222	0.0043764625486109815	-0.002910848336475354	-0.019490565298515502	0.0034761192670466545
PET0441	0.12945413793257973	0.01592181048886253	-0.12546974416000972	0.16805440460665247	-0.1245073846663221	-0.016706613024941072	-0.012431694606642337	-0.00823204621735235	0.0027634154935551178	0.01091160271732608	0.0060804805031398805	7.402870542632529e-4	-0.004833259873965417	-0.00503964086834329	0.0035997827925612503	-0.0011761288928446056	0.00511615314753639	-1.6574740394173683e-4	0.0037074517607507307	0.002980539376688089
PET0442	0.13406387462760982	0.016564041193272015	-0.13882684298266407	0.19719513899860477	-0.1506355407133949	-0.02142452093471272	-0.008829621902981432	-0.013270215526684618	-0.0013632445709831679	0.010356352112971975	0.004207938465222328	-0.0068148597428374	-0.00507811132689621	-0.0027768238710341067	0.005995942165062418	6.79646179639991e-4	-0.004408918088505262	0.0053760371107544735	0.005262570524658625	-0.006195408543608319
PET0443	0.13586922995205958	0.021502404212689164	-0.13509510120236493	0.18221666374672604	-0.1357575126093931	-0.017725286146884102	-0.01297624845940888	-0.013256912002982024	-0.006874945782085127	-0.004076605117468978	1.9615983759707138e-4	-0.007788506490946541	-0.007696659590293621	-8.994537971531658e-4	-0.001460447227904708	0.0012046975768579629	-0.001802601107424854	-1.760929443772727e-4	-0.00349289555951832	0.00819039665419854
PET0444	0.13950038338430526	0.024406802319726483	-0.14176181747097918	0.19141967300562382	-0.14090063109141315	-0.014222542365565603	-0.01545686803875705	-0.018190628285058585	-0.0033224789568234857	0.0013956600036258329	-0.001733777885683043	-0.004079669922967955	-0.008406250204305158	0.0020694925962023627	-3.307424868450164e-4	-0.010926718194039934	0.001599860842270918	-0.0010479469335023576	-0.013946544828391026	0.0054377647962825385
PET0445	0.14635716817588754	0.02479636155658635	-0.13518828042587944	0.17405439546468698	-0.12931374624035769	-0.015829277879979255	-0.013911128475194353	-0.012460800725528624	-0.003206029124324088	-0.0016831533942740966	-1.3464304550151048e-4	-0.003896947672694505	-0.009517893830547783	-0.0026318994861874658	-8.718011969017663e-4	0.010001418613955421	0.006787170228194895	0.007028613109342951	-0.0015196556304246094	-2.453216243634452e-4
PET0446	0.14374782756268245	0.021718906972589627	-0.14097058008861404	0.18877318678074537	-0.13934776172022392	-0.020763334755466902	-0.014707863864940834	-0.010132039533717808	0.00425936664766497	-0.0018075781055868446	-0.0012904888377335353	-0.008643466317840924	-0.003960740420210793	0.007370718949789407	0.0064146318042116734	0.0011239287543222832	-0.0021039335001144647	3.1381328266726126e-4	-4.0369864987394965e-4	0.006517196560915122
PET0447	0.13118309519021693	0.022697260157046387	-0.13458534376357592	0.1816135960796216	-0.13741547126745154	-0.015187511122114188	-0.015533806292948812	-0.009068936406520017	6.045016015020801e-5	0.002918520670048904	-0.004814234675935553	-0.011396773266521042	-0.0023775905187939485	-0.0028181193085920226	0.00624330728701097	6.389309442733785e-4	-0.002006705190891527	0.005102188612657417	-8.704716097601682e-4	-0.00506554881767319
PET0448	0.14153694982193912	0.020185675920571813	-0.13654012615172825	0.1881043808206871	-0.14702549214977562	-0.014562438318388002	-0.00870489365521061	-0.0107077868124102	-1.170358451980904e-4	0.013728303900248017	0.005691475654171725	0.001464559424954272	-0.015588602053684352	-0.003942968857189411	0.0013005079709586741	-0.0011576249607209675	-0.0018844572853585163	0.0018539844639973275	-0.0037237564368668955	0.0010493781030421448
PET0449	0.1434354985303802	0.022088821993536446	-0.1411436474097785	0.1930333088835936	-0.14199954728618602	-0.018740130001149536	-0.019090859436739695	-0.008539739825270185	-0.001965947115209088	-0.005580497332619833	0.0019338293289519952	-0.00856911763929175	-0.005067027877248021	-0.0017659717494263602	0.0032768459810351295	-0.001529215756924478	0.004971703077112886	0.005193589240970343	-0.008609414768988853	0.006244379619883713
PET0450	0.14756811400611067	0.02391637575555186	-0.1468378768521561	0.19471773417532579	-0.14654550248882461	-0.019349353513790083	-0.009823683740564242	-0.012581548697893926	0.006219483371179023	-0.0013292961953077114	0.0030309245061878915	-0.008593370449083955	-0.0045356879226386565	0.006418684638697307	0.004500574614891184	0.005540371525872779	-0.0014815823809814154	0.004353616488513031	0.002991372625184992	0.0063236426713372
PET0451	0.08289054034735914	0.02379676343584667	-0.02749815684162568	-0.045281249991946125	0.08092255470374266	0.00914834117528196	0.010078009831028249	0.01236006724574248	0.0013671627709835761	2.4378420871083102e-4	0.004534619867707179	0.007294563323438781	0.009972569048423047	-0.0027385030698873604	0.013006487415027086	-0.001605393493705975	0.011115408829887758	-0.0064666121457016695	0.0032494269605388196	0.007615418495749307
PET0452	0.08369288958638917	0.02526070049232286	-0.023287591452029473	-0.04115165701349331	0.07095842805870645	0.0022800783205320385	0.0031318992213834602	0.012118584266338163	0.005102740711780368	-7.03971062413552e-4	-0.0016233559409443285	-0.003567453672198073	0.011235588279727225	-0.006267079858699998	-0.0031030758624903767	0.00704354985715149	0.00703777695453008	0.0055195007659505505	0.006413252395983771	0.0013352371796236126
PET0453N	0.07441674388859051	0.02205139527631787	-0.01839443386488981	-0.04347875710347808	0.07610038183267108	0.005870572706682369	0.016823627084711874	0.01681094500838082	8.68043861578899e-4	0.0016192001688561184	0.003955918500309663	0.005048850249653952	0.009635089112576826	0.006203908868440079	-0.007223174376005889	0.0015626512828428106	-0.012268245147709694	-0.020657595908933065	9.5149401516159e-4	2.2283597729965157e-5
PET0454N	0.07430118021265263	0.029031662430977483	-0.02057884490605074	-0.04886749139299039	0.08399101899759018	0.0104391743423748	0.004759821084516894	0.00377556833652494	-4.328139896753501e-4	-0.008858948364204117	0.0097131366904342	0.0051491814372000835	0.007074641719255433	-7.065247191128191e-4	0.001012203661485289	0.0032028324620181773	-0.00468967062008602	-0.007270136430872027	0.010675762809513302	0.012829883868039998
PET0455	0.08037338676620065	0.01888455850155764	-0.018635081893357414	-0.04574771125341566	0.06727195527644939	0.010206927688080035	0.01693932625191702	0.014837610244727973	-0.004925730910432992	-0.010234805380221328	-0.001194903490623773	0.006317448595598541	-0.010260493036037583	-0.004333918716248812	-0.0071079648865752815	-3.54997235022111e-4	-0.012319930412067288	-0.00894547510001862	0.007232378239619606	-0.02165610896924082
PET0456	0.0820013761045531	0.02608327048040958	-0.023703497604616333	-0.03849197321493319	0.0759137519828849	0.011369295195833486	0.011848462935834176	0.009769141882560941	0.003104754154169178	-0.004423913243217496	0.0052705330262718605	0.008007399063674545	0.005365766164187556	-0.0054648570896609246	0.004493497398653195	0.003644346731682633	0.00531862658584652	0.005125199893604223	0.004577613085720319	-0.0038649501759360594
PET0457	0.0756209694933061	0.021360469898680318	-0.0265765014065747	-0.04717101360205321	0.07878452750076174	0.01363657476188527	9.764186200480078e-4	0.005224998055946224	0.012102359550445032	-0.004661911447486208	0.004971976933201507	0.0023217067698057857	0.008413010735980338	-0.009803162152008394	-0.007025941897255628	0.007265247726195024	4.468014127517853e-4	0.007618907287518927	-0.006244508290478596	0.019230954286139537
PET0458	0.08090822660185013	0.023709916036152905	-0.021933225974272788	-0.043388521370249206	0.07111494724636741	0.0015613215970632262	0.01562348709287066	0.007316794016532449	-0.006998654399037226	-0.005364100794355394	-0.002841566550860111	0.011439634355113882	0.0038352770946349156	-0.007272642466187622	-0.00393714324784632	0.005701009374319491	0.009116413320095326	-0.014367803405601988	0.010330750479927297	-0.009802875434242101
PET0459N	0.07582867192831237	0.020683383298232473	-0.026554759631977697	-0.04657241102489987	0.07730288003696778	0.007217924921207588	0.003937819339457477	0.007730109475465605	0.0015938444457452333	-0.0018313277597338318	0.004281112927023269	0.008300555418385315	0.007962523171913915	-0.005539980171248074	0.0037439850014156016	-0.006654564258845586	-0.00841850486303771	-0.006475318887514964	-0.004645193512254122	0.008004669520472029
PET0460N	0.07542315246739506	0.02578886246568364	-0.02339616105205904	-0.05444320430041581	0.08557124082404775	0.004757734468262674	0.005717500900973608	0.011920387675438153	-0.003970539271479553	-0.0027459629354308784	0.012001731409262788	0.018693060754578546	0.0059217722264357725	-0.005370419162135895	0.006540913519824751	0.004693027557797175	-0.004512637529049124	0.005452540637445956	-0.012567080548266007	0.010820814384997629
PET0461	0.08098611848974094	0.030987366958922652	-0.02879797649561322	-0.05155633844794708	0.09746967218460274	0.008979592310680878	0.01561547527498159	0.013236766071988674	5.214500657530454e-4	0.002990603914982537	0.008191127865923459	0.004830191314598583	-0.00668129221857943	0.002192844743044655	-4.417992461384724e-4	0.0034382520901528346	-0.010541724024386483	-0.007928930970988582	-7.419567334758138e-4	-0.019019175185800843
PET0462	0.07483932297976352	0.02094263144994985	-0.02596456654974183	-0.04395025977201156	0.09290791162732688	0.0046835699780673635	0.011087510665224204	0.023763641721913725	-4.389635755112457e-4	0.005100968476198711	0.009904259160881947	0.003221785834459269	0.007319812205825047	-0.007734050942269534	0.004518051695136074	0.00727785913047474	-0.011962538139289478	-0.013077533018727267	0.007522827465760428	-0.029537806865806655
PET0463	0.0930369269371444	0.025348398133938455	-0.037519517545383435	-0.04913241980309694	0.1183409077529638	0.006565136840389742	0.01700146367858915	0.025452676742097204	-9.372816711113389e-4	-6.266865190245113e-4	-0.007774943127630635	-0.018979144637287358	0.0034894238913713554	-3.074677541245659e-4	0.010624421914859069	-0.005187379305253294	0.010806912692827178	-0.030862288930255347	-5.398068558677882e-4	-0.09373007709910607
PET0464	0.09342380894565183	0.024024327341109028	-0.036808748610408844	-0.049593952597038485	0.1080187283393769	0.006349700370543915	0.018876440646498436	0.031554207211337594	-0.007854027393306505	0.002597085419610092	-0.014573984982451216	-0.02492194477671033	0.0019409033750660215	0.0024142636420312943	0.008316536758667269	-0.003601296431337412	0.00984919448103206	-0.02706098736234248	0.0016889798066191482	-0.08946325058622745
PET0465	0.07919482212362346	0.021068448622348364	-0.031147637447482224	-0.04515548781972995	0.09148339960463978	0.00921964377863323	0.010551371787110613	0.008605493105454068	-0.0013743253012148892	-0.01163733139781308	0.00820807069301243	0.002725925819265933	0.010021131805325963	0.0036277321600313764	0.016558430482819523	0.001802380610086149	-0.01129179313070997	-0.005965776626085711	0.012217884400248463	-0.017704629572503655
PET0466	0.08228005766365884	0.0288106127687882	-0.036194215966514336	-0.05847717160365128	0.10893913006987481	0.008205437695960731	0.019254594880843273	0.017106179592911	-0.003945400820487414	0.001426719345452895	0.004807705826683475	0.004424173868904921	-6.821533485978884e-4	0.005382652376424671	-0.006527381498491785	-0.004785329785262531	-1.7497974877587414e-4	-0.007679552761824606	0.013491731903213306	-0.03686354764364887
PET0467	0.08232017779877951	0.022474286508247725	-0.03214097272812213	-0.05498754975656174	0.09832451548414052	0.010927633539220306	0.0022479910535774567	0.014447280114566113	-0.0030036030648734778	-0.004970821304864032	0.00419991312896887	0.0011701049164804572	0.00347523181150367	-0.005283713784990793	0.006392191100021813	0.0015988590816231735	-0.0033807369020437106	0.00275817496083995	-0.0016547318479558349	4.938532038616977e-4
PET0468	0.0808050126812056	0.023507501190676704	-0.023366092302122658	-0.04541360699889688	0.08200476432306576	0.005184036286650899	0.01658480039424686	0.01857753941334919	0.0035725520926044984	-0.0035102490586449518	6.801074882153317e-4	0.01800771327123275	0.006587708203870861	0.009021578754648266	-0.004131431604335782	0.02345624371589771	-0.006447116817395481	-0.014990409774006256	0.011566971724143775	-0.018873739015543196
PET0469	0.07307778492102136	0.01797219760760856	-0.024868877945937583	-0.040759258341760175	0.07886464795750281	0.011232681337392865	0.01098145806259773	0.016074451731295267	0.001278974756343791	-0.004823152401239069	0.006860592725026771	-0.003933284125167862	0.0045658282867680694	0.009681489817581712	-1.8995873043473784e-4	0.009499440100122465	-0.006452763368593495	-0.007267117700849269	0.00971695051282109	-0.002335489010692067
PET0470	0.08600755746805158	0.030034640931728883	-0.034463857924352526	-0.06039511626742545	0.11233952418996258	0.011881786574125367	0.016004291014671594	0.014411660395648845	-0.003626667965386754	0.004653625827774228	0.0058931967551648715	-0.0021239289979934277	0.007994825349545555	0.012182134379925439	-0.0039870170121519884	-0.008771625176503019	0.004821186117558293	-0.016297714384106068	0.010834841470566991	-0.032576083832429596
PET0471	0.08055549321818298	0.020356247216063574	-0.0282193560110317	-0.05028498859998647	0.10119942749207388	1.5088215405962072e-5	0.003327144747953227	0.009103652996065983	-4.774713978963351e-4	-0.011784538217141875	0.018830080205785932	0.0019639072102831017	0.01442954110895093	0.0012441965567926256	-0.005930578603629197	-8.552223023718445e-4	-0.002918408810904121	0.012728581515072994	9.498652914911677e-4	0.004365478250829222
PET0472	0.081869064069806	0.024529412214999158	-0.029248315980949027	-0.052950906708476075	0.10150070653956458	0.00833239477369322	0.0013625473972789565	0.010312138926082147	0.0023236474872823944	-0.0034946347834918	0.012875842826522047	0.01451792426017161	0.010397159999141264	-0.004903273301010188	-0.004637855093720664	-0.005579265146990025	-0.004377219434663627	0.005155367004947248	-0.0025712184545693202	0.007564486211945913
PET0473N	0.08746359040448942	0.025304139702346067	-0.02693807668178126	-0.0535216139669445	0.10178435256297169	0.01233071770540043	0.006090916151361722	0.025306624885280755	0.0030786563990207144	0.003923028060655012	0.002032603086909202	1.0264044744502941e-4	3.8920298390125784e-4	-0.004155490281171697	-0.0056190035559047355	-0.005785641171555776	-4.0508886145357363e-4	0.013104795349738232	-0.004404539545362971	0.013942402297874617
PET0474N	0.08727228322754779	0.016667131245696288	-0.022596639871279026	-0.04157236625762069	0.08810757688815017	0.006252018365247752	0.011042416789073143	0.02044874296942898	-0.010007574095813014	-1.3643741220102366e-4	0.005379427556052654	0.011784341054790592	0.0015852690863624149	-0.002721957250961418	-0.01935461819287988	-0.0034347539254994224	-8.259260499057644e-4	0.0035560299454718276	0.0037163108922551	0.0016691018963913503
PET0475	0.08252105691303378	0.022669555243292526	-0.025483070523831346	-0.04553719135209273	0.0914898997924589	0.011478020509543906	0.009570355460133241	0.01598336363762458	-5.862708824919568e-5	-0.0032366002251389904	0.00850927077932298	0.00840649427078093	0.005150002168500064	-0.00387615101156211	-0.016218852009342918	-0.0070149746302976745	-8.595603214986374e-4	-0.007921140277226105	-0.0038834200975295277	0.014164271390965509
PET0476	0.08446656878268778	0.02381032238958558	-0.03258560381301058	-0.05451615859624317	0.11854513204705473	0.005074034502379032	0.008735849322581575	0.019718292463848923	-0.001198294248919848	0.0010239154078795804	0.011425848095093848	-0.0022358188357060036	0.009413513176266984	5.754945381496483e-4	-0.004043579398394579	-0.016003754033852714	0.0020057243559282968	-0.0035918327794183277	-0.01780666853490643	-0.00697399341767735
PET0477	0.08475658665105848	0.02850229314369205	-0.029095455519764637	-0.05304422949945061	0.10660821557996718	0.013352298211937862	0.007354688663654506	0.0075402311550412035	-0.005089403876079959	5.84075210209147e-4	0.01901019646777781	0.0019400655344672401	0.009809552191111882	0.00719300552750919	5.129746448463634e-4	0.01068234813273355	-0.0027443419389671275	0.01346192909755421	-0.0030109280074659484	0.02261480094594957
PET0478	0.08462488878875463	0.024415759500646034	-0.025823247953467382	-0.04885420289252022	0.10413026268997283	0.004861677772766797	0.009332399967556358	0.009477449912821172	-0.0033023751629082153	-0.003643624617635059	0.017533775202407953	0.0038438218930901703	0.0027653735196238537	-0.005047537893497773	-0.010010852796440657	0.008954480421345898	0.0015155717051334912	0.01192829221191626	-0.009108648230353006	0.00522429042055111
PET0479	0.08427252960555366	0.024291303687932843	-0.03279968700374153	-0.04777860671076798	0.09969764805471054	0.007135217906324152	0.007317992734394005	0.016564599992662684	0.007503153164647755	0.0011901827340468616	0.004199519759585061	0.005536299954331559	0.002513305092765951	0.004210309656433682	-0.01096319770234303	4.7062104540410697e-4	-0.003789712263573221	0.004139931073749951	-0.012970548909019964	0.00852775148336927
PET0480	0.08188997439691903	0.015742647733291152	-0.027312077978405142	-0.04872709301249716	0.08592505646758616	0.010730379340614073	0.00175199650470161	0.008444390523526675	-0.006055754184605761	0.003232639496685717	0.013516893231263032	0.009581517176106145	0.002351948209871747	-0.013039295086273094	-0.013280764062488688	-0.005621082843116182	0.013344965643981422	0.004199384362555345	0.00406706723389293	0.007524576041308417
PET0481	0.07718786771763969	0.018639081908915903	-0.03406156796708544	-0.03658013463896514	0.08703692614734576	0.006600767413194614	-8.822426272710655e-4	0.004999662049739089	0.001217637394215743	0.002376962656670571	0.00595231411489416	-0.006837755791524155	0.011661063982733455	0.002342862350747763	-0.004236244413355807	-0.003726905420215868	0.003287279090740928	0.0017634447647245663	0.0020976557416673937	0.013083789712601365
PET0482	0.0893691294764279	0.018148031608098452	-0.033204015558077726	-0.04230708083147063	0.0918605336349998	0.0074980820473862795	0.00733358956073546	0.007186228413344079	9.92527463995952e-5	-0.003857043509622689	0.011202392951322615	-5.056390159931582e-4	0.009724645365793835	0.0021115006769749003	0.0029437621902493718	0.0016618410441592213	0.006559655920092969	-0.015267746973386825	-0.007437323954079697	0.01339830236104569
PET0483	0.09192850105337969	0.02653202011098323	-0.037728194055221154	-0.04461661350680962	0.09902423437338584	0.0029053193532029417	0.003089713990758233	0.014990122606397541	-0.001247551933203951	0.003923954498014146	0.0018659005335114843	0.007026373136951323	0.011629489351061792	0.0024096191046273164	-0.007593264248926261	-0.005237511859428421	-0.012065716384692097	0.003259663963423868	-0.011941065628997213	0.043866819467601244
PET0484	0.08692796960167688	0.020493534888232405	-0.032104373625425064	-0.038681831080298185	0.07204608983222316	0.015868659969685076	0.008569474147398018	0.01712170345492208	-0.004524000733806458	0.0053678725520897395	-0.003762383264457577	0.0018100981835045941	0.004587003206371679	6.285121013886605e-4	-0.004136751596167604	0.003606088919040095	-0.007037715795224032	-0.015127979888112129	-0.005525101664161464	-2.171620587503532e-4
PET0485	0.09161614945369692	0.029290892744476146	-0.034552482172294716	-0.049880336346164365	0.09572927625263558	0.00409763625411607	-0.0014652642225324753	0.013317779963106827	9.570952241469604e-4	-2.9789184763736356e-4	0.010403616107297835	0.011681599808501796	0.014885928838696244	0.0059833283745677705	-0.0053849995144675325	-0.0018199882400359857	-0.010128414651955029	0.010354033311602867	-0.011021750532005135	0.05263623799375351
PET0486	0.07763127438543116	0.0180318774442132	-0.033066158459697764	-0.03607631571319059	0.0755236340816027	0.014229877114571405	-0.0028541655275591718	0.007398426588266572	0.006396046207380256	-0.004062785501527386	0.012952364794355818	0.010201242789506194	0.01380461784798555	0.007341133395666055	-0.004902234656333558	0.00975144674788776	0.008749628644872305	0.01300181399122344	-0.002154062535242566	0.016706303826836105
PET0487	0.08216725900651929	0.016796703900617174	-0.027393341487390872	-0.03835158231914069	0.07050942636333112	0.010104703605568043	-5.045720843252843e-4	0.005922943530455555	0.00464610802317127	-0.014548189960305248	0.011336726288749144	0.006068381530314548	0.0032112542455036888	0.0043597093111711225	1.2123734290562931e-4	0.0021750926201526332	0.002071086199867394	0.006874123919975261	0.005332257565203158	-8.835892797626097e-4
PET0488	0.0843684065926038	0.025079204615976743	-0.033884415074560935	-0.04105393121327973	0.08281561336277542	0.013630539927031489	0.004589521184068557	0.006925646525607855	0.003389352676473159	6.819686979395617e-4	0.001549608224780812	0.001841164286407584	0.004771086189637033	0.011127599642006169	0.014136767318565512	0.004150492130122506	-0.005660821395412563	-0.010010752434039141	-0.005979718044860457	0.016161278915715883
PET0489	0.07639810697170242	0.021301548031929858	-0.025708872474050598	-0.041566532344147686	0.07787246269192737	0.00449518441752804	-0.006150946440946735	0.01288426134383717	0.0037648377493286114	-0.002929672122901989	0.013695800024166621	0.0014619916796193998	0.005347322796939381	-5.807858943143972e-4	0.002722103239371942	-0.003941060983772837	-8.5400811818701e-4	0.003136890617584966	0.0035859724475634292	-0.0046028729148881965
PET0490	0.07981137785079004	0.02321397433320885	-0.029541294900835485	-0.04356461328424042	0.0866144620205318	0.005484765624361645	0.0016983234144817324	0.010243289670302323	0.006401951662590679	-0.0039346953908066815	0.010026922035005978	0.011243919423530415	0.006110460153537778	0.008043108560230269	0.007293804962064387	-0.008623645225578415	-6.177486246215489e-4	0.0030526601049602124	-0.00958110056526845	0.013642876735928046
PET0491	-0.00726452805063469	0.03778999229728951	0.029968040063346538	-0.026619238586034936	-0.04631746680722297	0.0033991701382791997	0.041593103952764394	-0.012410378120309574	-0.04742087557847837	-7.414613869934042e-4	-0.09810706841166164	0.007954135926630246	-0.04883387501923665	0.05188095636314466	-0.00942430323761004	0.008791686382893842	0.004488916390079333	-0.0035507889329261092	-0.023702572786174343	0.005686475378807161
PET0492	-0.011499562507365172	0.04532767070833619	0.04479520495564644	-0.04308183561935973	-0.06288356207607038	0.021046579956853287	0.09513429099100472	-0.04685961009674564	-0.10523849513101859	0.011864964959398074	-0.2642340505997649	0.06856475084015515	-0.24159064288834203	0.33201240254974	-0.08481802208718464	-2.2214398654732452e-4	0.029187869140726286	-0.04186268012647085	-0.0042869576287538295	-0.022350946926829346
PET0493	-0.019124597562962312	0.04294501898677185	0.035837872603302526	-0.028596780079723116	-0.033222248423675604	-3.0442129979875486e-4	0.047866008447768296	-0.005783936499269381	-0.11315657986573475	-0.03287369070939903	-0.15786318050721512	0.052038277553675016	0.03888000609039372	-0.12434918352367787	0.04854063511810971	-0.021001135041582512	-0.014453066406147554	0.007758618684367042	-0.0034757825362807275	0.04095324353560141
PET0494	-0.007366704601917216	0.030690627165123514	0.027514456327692803	-0.02973807018486214	-0.04173481740688724	0.015006614661293072	0.034895973086270383	-0.016599605848433716	-0.02197995419045555	-0.007836208127534652	-0.0547822955200814	0.011172905174011897	-0.00975260901829071	-0.00474487876729713	0.02279798180105183	0.017048073923896935	0.01748895042527547	0.02718744962443863	0.009171018140858479	0.004525782562341014
PET0495	-0.0038666131371926597	0.03833806494711625	0.03303070888305787	-0.027298776456678994	-0.04763908010943741	0.00451154247423048	0.052846257912412	-0.01364245831618412	-0.04656769895680823	0.018569430414401317	-0.10523704451050048	0.010509503650627142	-0.06905414728251383	0.08730489498500137	-0.025442719746402602	-0.01571471228167336	0.014218921957505218	0.013634665756652021	0.005708728583669522	-0.01824321273640473
PET0496	-0.010890937920877676	0.035638838247373246	0.04544909887850452	-0.022446024265101713	-0.06369009429526415	-0.0052858337347607455	0.09088167338475511	0.012476905435054987	-0.29005124250928255	-0.13417836650297746	-0.3877443713212351	0.13865553162444152	0.17385442695004885	-0.3780663778685348	0.12411450136024255	-0.05495744430574826	-0.030172166905415607	0.021199398385462875	-0.005372056478504202	0.013055075723791918
PET0497	-0.012459387888255657	0.04331584029567434	0.029186798294324967	-0.035856357330515606	-0.03813780282972924	0.007902743958987005	0.041730963837775914	-0.014514044786356116	-0.05037671475608939	0.020599897098263226	-0.09972499098386325	0.019719489740630477	-0.09414859102082919	0.1267717580928352	-0.018677129669201195	-9.604425163849839e-4	0.013887719818710105	-0.008359445602304566	-0.016503732743981526	0.026381139520946967
PET0498	-0.009559616113331525	0.044520126432782	0.0417921138303927	-0.04339120193934963	-0.05799438891348	0.01619221593540519	0.07677453708807222	-0.03544769506776312	-0.09014077541311782	0.007651920524133994	-0.22590514553655833	0.053398956364263984	-0.1951130417775815	0.2570822554790796	-0.06416484214872112	-0.012670007431114424	0.019276437036997728	-0.02539907017100881	-0.009959942684876944	-0.005602228333333376
PET0499	-0.009715261824063607	0.03568353461447627	0.030706853394781783	-0.023916714966223357	-0.03632271348035103	0.005672604656171174	0.029548145844861866	-0.025458903160791645	-0.014321566853502844	0.005058461016589477	-0.020340911385706643	-0.01755248114131579	-0.008418979385844905	-0.012655894385884306	0.009732141360728506	-0.00449990429132847	0.01694471666964163	5.466521660956121e-4	-0.03539498822703996	-0.026323390266481027
PET0500	-0.012749738649458421	0.048036548597212396	0.0474665162983995	-0.04739856969705448	-0.071100284966675	0.016902967153621412	0.10653842793081568	-0.04706446901616203	-0.11968560299383742	0.01950641837390378	-0.3075390538749766	0.07247340856254121	-0.2817009291173745	0.3804285449758464	-0.10448379401283535	-0.003986141832466711	0.03410938533796293	-0.05420634064293398	-0.008970365553068248	-0.03625790092901932
PET0501	-0.015770897635225677	0.05499400290597098	0.04222028090565651	-0.041182898088769286	-0.057929031105254984	-0.017123217520311144	0.049136815567487245	-0.24079240963281184	0.09186186945056792	-0.10445918035200054	0.06750861278900781	0.04690664100315847	-0.002803179677696605	-0.03480012213513508	-0.019256460941858785	0.0020520037928680613	-0.012445712373250614	-0.01593100006309102	0.005032265841965936	-0.032022516476363984
PET0502	-0.013806335521727622	0.050056018370223436	0.044581434402626144	-0.05347117621517299	-0.057687795057639796	-0.024461842744949024	0.0609258255995379	-0.3375563054793484	0.11893832640571361	-0.15475622980821627	0.08501663716042686	0.07302163971439753	0.012586853889135023	-0.03883907940889829	-0.003950122880438001	0.0012154750584415343	-1.902673033169015e-4	-0.02775666292299065	0.0040289676563078315	-0.01443345979749066
PET0503	-0.010667065343923605	0.04889707539762611	0.04358685687279568	-0.054348801714965804	-0.05171092423787181	-0.027325771302029025	0.054944224377476536	-0.29408947420986653	0.10369979154358815	-0.13694473029967097	0.07592141898646318	0.061391004217649474	-0.0013610597124749301	-0.02760504787462229	-0.012712490943728364	-0.0062108324103535275	9.79795304379729e-4	-0.022713468354739686	0.004384430049769436	-0.006409086758698684
PET0504	-0.015546180414744705	0.05390645404586727	0.04430930432405647	-0.05863688731676303	-0.06428528116314351	-0.02429343494390032	0.05718394798144039	-0.30413795053728854	0.10753691151189203	-0.1393845073745062	0.08863954786612413	0.07459069756857555	-0.006261788339815184	-0.042780301353425226	-0.010046666740891663	-0.004558767066895684	-0.007701031663378107	-0.02594311774470495	-0.0010533591459998889	-0.03311562172586435
PET0505	-0.010739906960478279	0.04051153146797594	0.02703119047432835	-0.02955497796191197	-0.02679124603670617	-0.0013938377586586034	0.0239721596485956	-0.08712085872958185	0.02831933328370601	-0.03542845090725187	0.022365752507308	0.013271097322465864	-0.004396539937743148	-0.007732719840225792	-0.008632285659017665	0.007529058392472104	0.009895661731450085	0.012136444598271413	0.016559266540950742	0.012291558427118557
PET0506	-0.015029541535884705	0.0493321588337327	0.03860643618801792	-0.048512857294037405	-0.05800036179522431	-0.008762302339957492	0.061865362272828156	-0.2533175469638592	0.07735170207994477	-0.11065449026661409	0.05500769666756792	0.05407776163110394	-0.006644119301592721	-0.030188391221678396	-0.005597316466375607	0.005078657714066178	-0.008097565667810464	-0.002687638252310722	0.00925554156253968	-0.016872350519520223
PET0507	-0.01558554690020545	0.036880286507583876	0.03172321035085144	-0.027585878498466155	-0.01864692551187651	-0.009731970049073398	0.031082880475556778	-0.10064412054215142	0.018052958137486697	-0.040728154882434094	0.021388695146429215	0.011273321941008987	-0.002161531544296238	-0.015794286635014303	-0.0060506439504972535	-3.261938621095421e-4	-0.008389856402601283	-0.006524058188961829	0.023933855249247588	0.004652265064647542
PET0508	-0.015756862158641353	0.043810635068652196	0.0312234666903538	-0.031790486611654636	-0.02825520327512011	-0.010695643403060178	0.022071316125021376	-0.07887249655060771	0.008761855932115904	-0.02085417385043325	0.021939905312899105	0.00806719522336571	0.0016443593385935225	0.0030011422663728166	0.004105177811798876	-0.011240957853199198	0.0030827263547230457	0.0028223086328281674	0.0032597252001408763	0.01950706705504544
PET0509	-0.0142362996425805	0.042687948839157615	0.03335861583536909	-0.042103370090104404	-0.0418281811720918	-0.007475994038970058	0.0316925486649598	-0.12406326944444343	0.027789703073424717	-0.04464243116581813	0.018677654037085108	0.02677753935870054	0.007127037597515647	4.2531780320783654e-4	-0.002084215846054397	0.0041707808857766645	-0.006481225204273281	0.014288753972376493	0.008200506472182153	-0.0020449091446572754
PET0510	-0.015710239885620668	0.049172741615109164	0.04311858577534077	-0.053969542540983656	-0.07004963260370672	-0.022227813826683488	0.06625631559305042	-0.3421817979173756	0.11373894190994062	-0.16133467559615552	0.09247005063924489	0.07155515610783383	0.01902930018599807	-0.04390373955755163	-0.003908423515645258	0.00255966083042009	-0.007963653820646788	-0.021138634631598246	0.0012110940425080594	-0.031181767760544113
PET0511	-0.005056778728020673	0.06220671927232971	0.05079583740143309	-0.10182893690330688	-0.10776095006145638	-0.05018896831833921	-0.3267402762650382	0.04446218612689834	-0.014195711233960632	-0.005952537404399554	0.010618118125074752	0.015344528314895101	-0.018897764694018205	-0.02104049283243096	-0.01983996333191999	0.002593429311056068	-0.0022472985437344043	-0.006398671848895038	0.02330470487345296	-0.031299390191988644
PET0512	-0.0031838721758838152	0.06705814470106237	0.050075708018411796	-0.09814313747284277	-0.10393116182563351	-0.04699893316130319	-0.312241052151741	0.03969894039612567	-0.005610622109578855	-0.002259174884973278	0.009903841053041056	0.013888051550112888	-0.013005908726861299	-0.019284875697053405	-0.02009510080282433	-0.01549548268151313	-0.010935325063951673	-0.013371769906791696	0.024287337390440512	-0.032934049861887
PET0513	2.887042746203515e-4	0.054551335197432	0.04426423549554753	-0.07980781405272012	-0.08877697034997713	-0.01942129292863784	-0.20551293773435536	0.03017046505968602	-0.01726670890041018	-0.01333135183126654	-0.005849936153835497	0.013127848322672445	-0.011047504022176982	-0.0010810194715176983	-0.0019023333569287372	-0.0017289552836870555	-7.872970166502899e-5	0.005970774724284659	-0.003128667845592542	-0.0024000715467931547
PET0514	-0.006437327725144637	0.05141250296302673	0.04173622263480606	-0.08458012837984673	-0.08351055007771865	-0.03163890769510012	-0.23864243078106623	0.02745694155778674	-0.006334324970630101	-0.007867809254755186	0.011194977851855454	0.009559372546960189	-0.005415479751177948	-6.30961976121107e-4	2.8919820740431356e-4	0.0033576694631006422	-0.009013194486538556	-0.0020050288422095944	0.004142592756315896	-7.734433603769909e-4
PET0515	-0.006198369856150576	0.05455929581893277	0.04839682113976286	-0.08390456655294508	-0.09777680937234592	-0.02386387484106618	-0.2196667534922674	0.0400806956756754	-0.02242208426806792	-0.009214701901629724	-0.006241601091254233	0.017608445373834086	0.001652984987729937	-0.00569123852251647	-0.006549476821428734	0.00628919514744869	-0.008850677330976334	0.00492337785907341	0.008463898557130738	-0.008277131033910822
PET0516	-0.0015909609581544644	0.06041251838516622	0.04729916658685337	-0.08201909769330024	-0.08216285287728776	-0.02896240737255963	-0.22277416095025218	0.029526762628297787	-0.0029978771617160667	-0.0069042374961635605	0.0012473755094937293	0.010627482634841784	-0.03023099377299008	-0.012317514219098998	-0.009126975257620537	0.0023469403810328204	-0.0017005946261510645	-0.0031373524675925675	0.009744003960600886	-0.010381378825699108
PET0517	-0.003372981848952728	0.058784286958693505	0.05201106926860838	-0.09653544738348235	-0.0919481478727834	-0.02914831177328651	-0.2676271551647126	0.03429792845120906	-0.0051001808556628905	0.00349592734615785	-0.0033913459655602555	0.027319670697159182	-0.007611237077049039	0.0026621004018157358	8.222767189529143e-4	-0.011882408639897566	-0.0022762962532455913	-0.013244728111991587	0.001859185213451931	0.00486483084324418
PET0518	-0.0023244085029744364	0.06610344438516495	0.04749354584564682	-0.09150829862770948	-0.09052603136972795	-0.0365385338451036	-0.26875260001051754	0.032928153411037095	-0.00456705665389516	0.007653825522368161	0.006001167771946106	0.02532785448635542	-0.014795970332476932	0.006237730346166633	-0.006979161128792686	-0.002900594558900747	0.0026880851934370665	-0.021723230192744348	-0.009493946147004275	-0.008864135591532103
PET0519	-0.002990829560620238	0.06144035171638365	0.04267644085439104	-0.09467145459629889	-0.09161159845731152	-0.04458451318094219	-0.2893192201153485	0.03753496204131262	-0.013972306436459208	-0.005733560754928749	-3.135131579541473e-4	0.02220081144424466	-0.01386086411289119	-7.231473990034498e-4	-0.012849306532928588	0.0011601390412659617	0.002253083659141773	-0.016005026055035832	0.01627346544650117	-0.017877394641250443
PET0520	-0.0012493567873805185	0.05680437139813027	0.03986547308373862	-0.07983996788812833	-0.07623362972078603	-0.027949892050502793	-0.2220368941368919	0.03247885006990307	-0.015330055866077007	-0.014918747159888146	0.005408406125491024	0.014393489394326785	-0.004543302473552562	-0.005471689649803248	-0.014808623017815995	-0.0077801789560510435	-0.005106984481362472	0.010304099438678395	-0.001401339430954579	-0.004525696282422412
PET0521	-0.02758551392406769	0.047663274233051195	0.042129943764242096	-0.029807851947518425	-0.05020737097807981	-3.938400206938194e-5	0.04827617016295921	-0.02319313435093441	-0.0015667232652201643	0.04700302190528732	-0.010836030196081113	-0.2145903813827921	0.059737022255523	-2.407522025967205e-5	-0.05986200558140421	0.01420722966629564	0.014251727795955323	0.3011735807464545	-0.02998768000720988	-0.015018885221732482
PET0522	-0.02467022327134469	0.044727718819917404	0.04610707377127081	-0.029284010093123505	-0.052494134431201864	-0.002298900228475258	0.05759858689898956	-0.017775734884494358	-6.341711935161377e-4	0.04748106109343868	-0.006079294678693795	-0.24314030472367615	0.06653550821175958	0.011610693908785824	-0.0716997281945354	0.006625758292963674	0.01994651641027083	0.3809420651683197	-0.03215977587681302	-0.04024721091895543
PET0523	-0.028208940863655822	0.04171177593819675	0.04242267787079121	-0.021155777759057352	-0.0612626976437171	-0.022149804503468568	0.06300973631499221	-0.011952106680113837	-0.004813357313965369	0.05773898760286748	-0.07967734870284841	-0.3975930335388991	0.14650837473604966	-0.07006181197579317	-0.2674278070751587	-0.03631216384211085	-0.07404136704579435	-0.41998719773010235	0.019401331153368607	0.02639753166483366
PET0524	-0.028607639270231917	0.04858164394265471	0.0469978071805332	-0.02441523231105829	-0.056474092478310436	-0.020311827275060878	0.062362851471882204	-0.016771050946391593	0.00493653741272328	0.06303869429978508	-0.06741504453351393	-0.4170879157800103	0.15226890101098553	-0.06742399810084403	-0.2758005254992742	-0.043855234193022875	-0.06651754624818917	-0.41499363988376414	0.021920648738441774	0.03911521505527167
PET0526	-0.027625403216116295	0.04071197464464298	0.03815844463522915	-0.03152774546877065	-0.0445853507062953	1.4614377572642044e-4	0.024767121041647164	-0.009192856151817287	0.005397263365321267	0.0310107435091784	-0.01610736829451839	-0.15404145631146707	0.0540384603171914	-0.012635856357193968	-0.06941634110096262	0.028817695384489365	-0.009546409385799537	0.09760020429559228	-0.008593912928720745	0.0026161109876614423
PET0527	-0.028458109466261948	0.04184288941833217	0.04269852057814778	-0.025841512641968253	-0.05131390504000177	0.008798541446481165	0.05667571514970762	-0.0022600473620242533	-9.203952503289089e-4	0.03513792686839705	-0.035777226096472	-0.21384131468701073	0.07303249173256608	0.008530472703726383	-0.09286475940167188	0.018985057954879855	0.030061455553350623	0.3836001431235657	0.019520517318655815	-0.06509574137882482
PET0528	-0.024789712455435767	0.034028234827851805	0.037780258475931486	-0.014533286279090582	-0.03242873511335174	0.0036039556766471847	0.029475752999618465	-0.01571702549517926	0.011004752257248146	0.029360279587758394	-0.021268346661191564	-0.11711734378397362	0.03899915906807441	0.008018573764006715	-0.06573771431066949	-0.005802543225785803	-0.012848686611670612	0.00967996029273955	0.010049294632194348	0.01950306991873355
PET0529	-0.021105639621145398	0.04061082366930445	0.04566373727700141	-0.023170988990370883	-0.04643324391312742	-4.415742008337287e-4	0.05525320963254283	0.0026792553039198925	-1.0483378989232984e-4	0.043709429489745925	-0.026791269124483125	-0.2158616023930974	0.07126581439234819	0.01561319370138458	-0.08724882360737615	0.011351878183007978	0.02440635679698193	0.40578205718936805	0.007717157098389409	-0.07427164205912502
PET0530	-0.02663751110105556	0.041714980904240376	0.037581260844525836	-0.030416553254237515	-0.03537794304702402	3.2361763198189715e-4	0.02809570936696325	-0.01011017546897272	1.6090908339852703e-4	0.02169507874034986	-9.705843475543258e-4	-0.09876155827837058	0.03552525014476256	-0.0048579798947235185	-0.04235750854612868	0.021052414785769226	0.014094398908818615	0.13169831854802705	-0.005032149791932306	9.01016289956678e-4
PET0531	-0.03432190917362568	0.04248212271985622	0.04062148231941972	-0.021173372100717222	-0.06432675103898092	1.8244507745543014e-4	0.0626854522889677	0.1409890365167216	0.10349713200152907	-0.08285483713795214	0.014153494488942087	0.002744024070777164	0.009359792472654532	-0.003042833835510646	0.005280117523843771	0.016439721409471864	-0.005158992630541862	-3.0782858497714453e-4	-0.015732682093573966	-0.002492851331410492
PET0532	-0.02784261556070781	0.049214715722638705	0.05058108847198316	-0.02913300753087303	-0.1033540839469982	0.011141459769808019	0.13227449536546418	0.2632595160666787	0.21920192679819145	-0.1751987007192413	0.017513844230591505	0.057908898377192326	-0.022147967525526332	-0.010880283824422363	-0.011037999928762157	-7.153127945724157e-4	-0.010551590755785012	-0.01527739071083867	0.003984427901754446	-0.011259420800972702
PET0534N	-0.02865204198506605	0.03929210074143485	0.050762647022481545	-0.02139344845523137	-0.11210543529167416	0.017464721680668985	0.13928692264609052	0.2956890701207101	0.23602759703078338	-0.18389694248913363	0.007219145706594469	0.05840723424750963	-0.01360103143524904	-0.01893631836080829	-0.013693807917404084	0.004014580229927374	-0.004517496192087843	-0.012295998472381785	0.009014304437003757	-0.02028597538392953
PET0535	-0.03149416863955121	0.04957858046419637	0.05207930360208643	-0.028865212699659887	-0.10691343043211603	0.008021616972409277	0.13551511677589487	0.276668959301301	0.23312429601136833	-0.19212781540848803	0.022870959427408907	0.06791404094756867	-0.01728886994923445	-0.010456536517886335	-0.005528741888104972	0.004368833337494642	-0.017104546045360103	-0.01532844831391954	0.004314032297582035	-0.013477502856284495
PET0536	-0.030311723877973012	0.037568803662018875	0.048639673305684965	-0.018440737798944166	-0.10682512103504387	0.006972243668315254	0.11568141641866152	0.22177507898303317	0.16307428978923227	-0.11602906520182342	-2.8205342323301406e-4	0.04216503805017266	-0.011067522024826571	-0.026448798002987564	-0.014148034980532426	-0.005193148538842857	-0.007614299083963154	-0.023922497438808647	-0.006337989954001133	6.981957961999331e-4
PET0537	-0.033853355253381776	0.04759795109213483	0.052424066970539224	-0.03209070937345062	-0.10590671609906063	0.0020064887023404075	0.12092426478956757	0.25342730175974587	0.20110992370556668	-0.16968047171606493	0.007513081573070007	0.050492767801746594	-0.020272299450797684	-0.002255883783471964	-0.017566935923362358	3.9605882894493436e-4	-0.003852507246351276	-0.018511554497257734	0.0015542495295149867	-0.011521436413884084
PET0539	-0.03961219647982817	0.0191132117814028	0.040888585443648734	0.005997044120480373	-0.04342386248802804	0.012876738650344248	0.05429712269027251	0.01966368916355629	-0.01797538406712948	0.17875097937221207	0.09489880565916223	0.1203865994611426	0.11443660794137422	0.053292717525237523	-0.015051300617367175	-0.3450035734438133	-0.00259178072213123	-0.007655251319783823	0.02001357093395725	-9.376053701235349e-4
PET0540	-0.039117615248045204	0.02350287534838667	0.04238609968685014	0.003820024063943631	-0.06261576942921084	0.015642707226002053	0.07679630498556374	0.027538365343498208	-0.018716908707721858	0.23929091104242184	0.10478256048929217	0.1631705791211662	0.15140837047132352	0.08222895443273133	-0.003346091270923918	-0.47858589631129167	-0.01772143783617815	-0.007539460907507216	0.04263816842867217	0.010320283816243312
PET0541N	-0.041414618451366396	0.023598560012125836	0.040658051489013775	0.008632066140870412	-0.04982136993452064	0.023021736963430996	0.0690141764438363	0.021308424443951576	-0.037656165862224165	0.22199978078180624	0.06206804503564659	0.22096086235479953	0.13489435369248587	-0.028478050157199272	-0.17582761527876725	0.36019769398813417	-0.01678246290211941	-0.026719624924866726	-0.014130416953359856	-0.034835558375595224
PET0542N	-0.04386689911455123	0.026322744065983877	0.04942944999927652	0.00827002952136269	-0.05522580758957045	0.027435995745668754	0.07039171428361288	0.02513938289633935	-0.04491205929732684	0.2652623211039385	0.07580587423427362	0.2580104443703761	0.15887822674468832	-0.02437525208122327	-0.19100165454403598	0.3533649732884314	-0.006100753717419563	-0.025692220311339692	-0.016184199995407496	-0.03195367380213981
PET0543	-0.03507717987384404	0.021772475023697307	0.03387820022492058	0.0036306036920719206	-0.03757743498712425	-8.43076017315713e-5	0.046498709350070895	-9.452004221100047e-4	-0.010123053672392301	0.06569392167540726	0.011712312236340505	0.036758449040542186	0.036202608171100784	0.02208025061997623	0.010329551463646391	-0.05591604216087045	0.01503873600991391	-0.014760534015740182	0.007054031896973171	0.00456549537323954
PET0544	-0.03737766200766268	0.023422642586626158	0.030895870457627022	-0.0029736057341327054	-0.030792828708123318	0.0150811771158027	0.0288032503647108	0.008814690474938632	-0.012169888275375918	0.07642284220334919	0.019243213304999184	0.07371213622028192	0.05276407543692882	0.005529444335449957	-0.03241671612874972	0.026550349164426598	0.0058765484645399695	0.016771771293360827	-0.0068550275211930346	0.04889607914912742
PET0545	-0.04688382153351767	0.024769468642460997	0.041768987411149296	0.02015152021450595	-0.050546903498378835	0.02244361156409463	0.0667171280558358	0.026171004678581647	-0.0474835844840665	0.23707352860326242	0.06820187590196908	0.2258738240813434	0.12100575841254663	-0.02899045251648935	-0.1793724639107562	0.33040805601543277	-0.001544522017609645	-0.026868930259016578	-0.0081752795797078	-0.019846024474646527
PET0546	-0.03917741764046026	0.026585976719257977	0.04146331984609225	-3.5097565927652075e-4	-0.04343723018214873	0.011833768664801238	0.05317467284011389	0.014617803252537944	-0.012346778741459556	0.1809126320565144	0.08528982892349635	0.1301367014607662	0.14131326580040368	0.0735498700464643	0.009669475813833484	-0.40280682214771457	-0.018205384643380236	0.002919919396555222	0.04494523100605957	0.026792642710149063
PET0547	-0.04370079471484871	0.02847716713016879	0.04225175073688576	0.00440756963481063	-0.0378538376379053	0.013273617079091781	0.05335155882985097	0.01549442434605748	-0.01122864462254516	0.1489171827978569	0.10124443970297066	0.10873033221856328	0.08521514156789517	0.011117129697754455	-0.032799768905096005	-0.13263915975845292	0.031147955776296393	0.017635068432394953	0.011751414677305288	-0.009127267591297374
PET0548	-0.04263835567409828	0.03239543384684522	0.03533241443969407	-0.001663393493426653	-0.030329398036662455	0.0038904025388355338	0.04383104949622875	0.0028506253804688676	0.0034327908730457176	0.1192247434994695	0.0760767886809364	0.08035911210841744	0.06382898091840065	0.014214395827118831	-0.005671115137396636	-0.12154099961103652	0.03555891615322463	0.027604813875104568	-0.012251703861855253	0.004062147619751535
PET0549	-0.08833880793899689	1.884964580086551e-4	0.02198640108008771	0.100725388017619	0.06350595997789468	-0.0612365919408417	-6.23956216022912e-4	0.05242909551236041	-0.23486284902851554	-0.1970136323125706	0.1738720591900291	-0.0073087267340059756	0.022109399681872928	0.06930191212326706	-0.07044064834269582	0.008243582873232002	0.05269072663802438	0.0018889346915626284	0.015544206934293165	-0.06721756744945867
PET0550	-0.09803996227140917	0.005051055376510405	0.02089010919585031	0.09923347979683138	0.07022517077996572	-0.06972176525449414	-0.005473116080273936	0.04099444721871086	-0.14707446507970187	-0.1130502231353316	0.13397120951639965	-0.025904232357461254	-0.007085351800528237	0.05392380419155255	-0.05453086855189342	-0.009322936385637472	0.003684106084074961	-0.043606860086199274	0.04143779007278599	0.025234592440176416
PET0552	-0.09796178225275373	0.00257439459938065	0.028253262706328365	0.099326068212272	0.07061623627067816	-0.06127279679333278	-0.0037713746349921856	0.029596640779528217	-0.12969317106212389	-0.11128029572741927	0.12263121970422283	0.0012230870980931602	-0.0016200889794335308	0.04861638475371898	-0.037424620923644826	0.015496339051340454	0.017305802949114126	-0.01813296744543191	-0.015516701228935859	-0.010485875189693968
PET0553	-0.09573391870346372	-0.0016436448944248255	0.027979115640747867	0.11579330615177094	0.06591418821207812	-0.0594685412589069	0.0049421717810429165	0.05308800627135231	-0.19752138404230227	-0.16130095322610896	0.13544839613744475	-0.0015868028172184919	-0.0010380777469429728	0.06410156142954948	-0.07151449312766123	-0.011026725537167444	0.03119350837218599	-0.003550552866471554	-0.008466549195742995	-0.012109447913466081
PET0554	-0.09214675128241029	0.0029390345183705827	0.026874978303295594	0.10186626326428974	0.06686245267944926	-0.0592207607408273	9.067689729135146e-4	0.04541487774603389	-0.20208750371619902	-0.1734234493686195	0.1713611771304013	-0.003857556770709248	0.011321537022642181	0.07554243353295435	-0.074048157442188	0.005027330008237667	0.03921953985588116	-0.013069811392704663	0.018976119768734357	-0.03738316262675311
PET0555	-0.035397437488273065	0.02500446938227036	0.044638065295499095	0.008347935858589664	-0.03875238834779395	-0.017740912837910915	0.08128278317633843	0.022679812403879875	-0.29825167926744095	-0.1496252774795924	-0.3344453437084757	0.12957960988958112	0.1636663297972703	-0.3485913057052723	0.10591836884230385	-0.051577033410935294	-0.02540128257076825	0.018065646914732673	-0.003713817015718126	0.014399763418748024
PET0556	-0.09582274022447058	0.0017712882918297576	0.030413133218945294	0.11340870217416425	0.06784092806194311	-0.06495354233439828	-0.0031320632397049976	0.0388630469791741	-0.1751048025820827	-0.13042948207988667	0.1256500282757794	-0.010561164290029549	0.0029491207464196084	0.056265504000069036	-0.04546436462425397	0.006084903398171585	0.010080380342409248	-0.005144192589141787	-0.0020474546777871348	0.025390711899000183
PET0557	-0.08433089580238416	0.0018698707697733172	0.022911671641659227	0.09275031921704066	0.041000226100184355	-0.04752414466029569	-0.005730563947710694	0.0357886520291185	-0.18266468842425898	-0.16957590067802136	0.146571180070343	0.013748970972848011	-0.001871534571217298	0.056140122455421104	-0.06304120239803997	-0.02263614369833922	0.025543773107149236	0.012909433262489028	-0.005248033334954186	-0.006089095323620623
PET0558	-0.09106155664316058	0.0024227013060937955	0.02282011812534892	0.09803522440565957	0.05613304652249707	-0.05202485340216428	0.002902283662870557	0.045693903582988464	-0.20700590618425582	-0.16417387967073002	0.14167403817156726	0.0023484939458092197	0.018488750166354043	0.0630265521640948	-0.07104585990866537	-1.1201988369495255e-4	0.039212301467069235	0.011952128797302	0.021980102980820322	0.001068882721017606
PET0559	-0.09718013922165461	0.005143479789479176	0.024123099308887883	0.14630469222914794	0.13552567741112617	-0.1513580234154182	-0.06364615590270842	-0.02244583402495993	0.13559146961509497	0.049257228422317806	-0.11349615769409137	0.013947477484788673	0.011353112717624932	0.002454874960987399	0.013682390740855673	-0.0026341427661123198	0.007811066362561382	0.019605070179209965	0.1285569412799755	0.006828643152834845
PET0560	-0.09475389471765297	0.0018302798828194258	0.03238121659022197	0.1541420865743813	0.14220070561551093	-0.16513772397658202	-0.05336243549347566	-0.027826164085992377	0.1491902248553781	0.03588525994983738	-0.12990191649603058	0.034483646015766055	0.011273059707553525	-0.001917405357021974	-0.008520352049747645	0.00564159923082764	0.00794650362392258	0.01809555168763201	0.14649802154575092	0.01279669569524635
PET0561	-0.09839160926250873	0.00957666998175621	0.033558607063710846	0.1504076742605463	0.1434301657570394	-0.1607059803481299	-0.05101411469881806	-0.02804929800957773	0.14177350030781188	0.03920106006474897	-0.11791973905485002	0.011467132453258403	0.010189043229932722	-0.004440789159237617	-3.043979731030862e-4	0.009400224216135553	0.01271817829808221	0.005247504702108638	0.15849759977354053	0.03241306131904847
PET0562	-0.0951950411570513	0.0056892902780466895	0.023849738022437634	0.10321180135911175	0.09009300389336064	-0.08551501558073431	-0.04280978911484303	-0.00987315254019772	0.06453140029619864	0.03562940410955261	-0.03432559907588681	0.002114997574632343	-3.9470073999010375e-4	-0.02042189501559239	0.020009808447236602	-0.03788406739246914	-0.005333901092767239	-0.03219020021603144	-0.6377309396219689	-0.07852054453341407
PET0563	-0.09645424633528402	0.007589450745128019	0.02937534015873876	0.15043748905828774	0.13817993479925877	-0.15357092809531003	-0.061877403134290174	-0.02252182886829546	0.16483012607908187	0.039309227251655365	-0.12860749855095188	0.030634839531394984	0.024414097265820563	0.010491724766202479	0.003864079771972696	-0.015788766024230655	0.010281961519220638	0.01107000053797158	-0.032487251843755706	-0.05115299165051229
PET0564	-0.10023859575472499	0.005833673556668931	0.029847087699885626	0.1399407285088027	0.12591207583163486	-0.14338258792471398	-0.04203782012950625	-0.0013845305979287446	0.07959658096833891	0.01660941979117624	-0.08609278534603756	0.01694237131612281	-0.007699133938317588	-0.009579846583339722	-0.004982986420914387	0.026923500159584834	0.007076405833544968	0.024616860156502187	0.2539609575496637	0.06851554257781933
PET0565	-0.09104196701575584	0.010157556643411413	0.030297949903566494	0.11647216579022006	0.09613876390940607	-0.09824770485515119	-0.047362453573871643	-0.005539690421136868	0.08493924075295442	0.03491967777166501	-0.05260449185019433	-0.0031076860222280056	0.002068538840427094	-0.012369853133159442	0.015672226410923754	-0.03367321601408475	-0.019788117113835157	-0.01731827692797997	-0.5537548369483044	-0.09799542766911755
PET0566	-0.09619528800232782	0.006641171441496195	0.038585834799119915	0.15489724576044958	0.1446028887339544	-0.15591703957704006	-0.06946407077664388	-0.027305572042520508	0.1636570584488015	0.045985067515038544	-0.14896152803160667	0.03135562204462122	0.029864369156270842	0.007471737752318637	0.009263731910780136	-0.013034423181138713	0.013657447770063866	-0.001928050770227298	-0.1348460771621597	-0.06411437218713274
PET0568	-0.09775049656978678	0.0025478348958333508	0.03243175232553247	0.1682314730075864	0.15659475992053778	-0.18378732863474023	-0.060915039175049625	-0.018416148315647453	0.14771989097965446	0.04286572886226721	-0.13781366232230458	0.022731666995862532	0.01679239271673548	-0.0035345641378674185	-0.016357752424236042	0.015329183220242779	0.009872342604237834	0.028240238831787542	0.2821603181959483	0.0653188483385485
PET0569N	-0.04377046282886344	0.03435942635220911	0.03817289661613252	-0.00329484397343468	-0.01961019140375559	0.004261192400150058	0.01822721280064253	-0.009299332968134955	-0.010481891759955824	0.020036164099304584	0.03978438164461624	-0.057180997408420885	0.06251952834602491	0.10342110560431872	0.23600605054956827	0.0863746737333398	0.0030087460972778564	-0.021505494440628752	-0.04031086566987137	0.3555337185133306
PET0570	-0.046618280654978084	0.03740310292740354	0.03611452843231916	-0.006177785434109181	-0.023728963116251237	0.0034004447126383917	0.01626618111483908	-0.015337462202654988	-0.013238460181323672	0.02518617012339316	0.036315655591819866	-0.08313570401382843	0.08163133168042519	0.13245846583450815	0.2800509232845678	0.10268106589002618	-0.017147173938438127	-0.018383132851855197	-0.06052455993946287	0.37782467436893
PET0571	-0.045112529754967004	0.03074111709952558	0.038749861857057664	0.003493493335432459	-0.04696189387373795	-0.0035757955415563368	0.04407096930305447	0.012305620293870717	-0.035759977050005776	0.06412861987426977	0.032520255214093255	-0.11399474748776131	0.13251419628675878	0.13782997127112748	0.4207121362093054	0.10926308984774158	0.012568737301868681	-0.12394418652866368	0.0889112019378372	-0.4121264183101304
PET0572	-0.0412548792071908	0.02950648707767608	0.041335286020810824	-0.0027461868226882377	-0.040117423415448335	-0.006270208557069629	0.05188625220164813	0.009316666641859761	-0.040774699240458866	0.06653053647782128	0.027312713745736378	-0.11636874656279106	0.13739191598109918	0.13596378642783624	0.42011493996097626	0.11815326917824111	0.008564305503719515	-0.11809533046714679	0.10086520321706095	-0.4316067140164578
PET0573	-0.04652036635919374	0.02968365326542434	0.03377905269271721	0.0054230188493861785	-0.019409212082607444	7.655940291699296e-4	0.01571258892482231	-2.7571852673504034e-4	0.007887713322574878	0.030498623068209916	0.02617720236986782	-0.056459984759413336	0.02716736859484956	0.05669613312669497	0.15104493756062534	0.08171482364851648	5.3914608762965e-4	-0.034367812289004866	-0.03953697618542336	0.22678068993916678
PET0574	-0.03941521986710418	0.030402620113076227	0.03457855692637243	-0.0070276892713304106	-0.041638568557410945	0.004076003599262148	0.03388207123505934	0.013945322941215395	-0.01650857195395097	0.03410406199964555	-0.0012903386174862488	-0.05115709153525592	0.02406006312111318	0.04643273047807323	0.12273603815140226	0.04163540227148205	0.03265683587102861	-0.009756153812778801	-0.01320804171036917	0.10165480134075226
PET0575	-0.03643315990643631	0.021520913772316425	0.03038460947746076	-0.008031789070897645	-0.02691132679278716	0.0033258088725667905	0.02370989565081579	0.006200132659993324	-0.010047999103750142	0.03035622337146381	0.014217921082577259	-0.03107513780105943	0.030844881686380853	0.04032438023769531	0.11702304186015332	0.039615645012526325	-0.00716878965106227	-0.0067869903836727495	-0.025725277545829966	0.11879499027500758
PET0576	-0.03510636882125161	0.019282229342116007	0.03327913324907885	0.005505067463170033	-0.033567125694559136	0.011896652231942355	0.030414447697035087	0.005601268166651587	-0.0053932788505548675	0.019522757179697064	0.009457141471666103	-0.043207594745971786	0.052454479049953914	0.025011710129228062	0.07766708059284985	0.016271552261120526	-0.0030674998774206743	-0.03293579227531725	0.027230109842888046	0.03163794533884745
PET0578	-0.03921837503038138	0.033627833382129664	0.037312911161873324	-0.0062579408824616186	-0.02617272601333371	0.01521872792500435	0.018695861947704753	-9.091232010097993e-4	-0.009758150220384256	0.042616490353219384	0.0354714608235757	-0.05828761966940037	0.05875916235911893	0.09076687534114239	0.22720284488366957	0.08508052376103284	-5.335315849899888e-4	-0.010739463934736657	-0.0553194152086202	0.3587674143950926
PET0579	-0.0534157937047495	0.02756497630191352	0.03379936753017844	0.021580537675342716	-0.002341890637625338	0.014755790674890626	0.04201818645574508	0.015120584547457176	-0.028351603572952112	0.13881074597059664	0.09688871189454065	-0.03340971651957886	-0.281704863782536	-0.1868471507376965	0.05057836799261287	-0.013954322109248319	0.026572204005080268	-0.011593379177557398	0.024572448075726852	-0.009491192835126819
PET0580	-0.04965425502344997	0.0239201183432185	0.026419586717501248	0.014331510882351925	-0.0013411989646515265	0.017634436101152385	0.04920260318687237	0.015510752360665387	-0.031154769983653897	0.10617524523457766	0.07639275490709833	-0.04055188248487558	-0.2641444015875859	-0.16708659385772334	0.04557094944843277	-0.002929143517326881	0.01096286518843199	-0.004613458081314428	0.01423636192145346	0.0024012986942393124
PET0581	-0.04950443880503561	0.021479145052138146	0.028677239459266174	0.025601600464109312	-0.0028353964993687053	0.021976847638678555	0.04182700829293237	0.018686819871584964	-0.02576664468410934	0.10040038614987708	0.07231153109589503	-0.021739461225864003	-0.20102555562835184	-0.13643928290395618	0.04288866194294017	-0.009671203443854345	0.02033737444110043	-0.031043526059582625	0.022653827936495775	-0.011039410927576236
PET0582	-0.04982330251726627	0.01926603473284552	0.02960727446039911	0.012884169096530859	-0.006456714074816302	0.014700937592104123	0.033858237953452684	-0.0015769484050481657	-0.031072223732702478	0.10864448885926542	0.07588690689806714	-0.056875210510537066	-0.2365525206099235	-0.15525298333380727	0.04664828121803696	-0.008798204592136141	0.030588578041012723	-0.019557870024510655	0.02631043590319285	-0.004328041252270625
PET0583	-0.0443327914626739	0.020250984172255418	0.025621467600413825	0.0014377447060451704	-0.0018480337536902643	0.004550687614399034	0.028530753408359786	-0.005740126278468008	-0.010323735516002092	0.053832834333354576	0.038685899220813634	-0.015073480512316767	-0.10816857234391643	-0.07058406007673372	0.030001531658845153	1.765086178914334e-4	0.00678706443160328	-0.0037463269875217618	0.004417003580934565	0.0032998742347579257
PET0584	-0.0539017814755785	0.01750802996788355	0.02795547072320794	0.023179581724432127	0.006510728387892956	0.00213274405232037	0.021783749828516146	0.01035799982180065	-0.02940511647912898	0.04827434760910396	0.058168318233421834	-0.041315655582661814	-0.13782109414672825	-0.09338640065617311	0.01983170474007965	-0.004124590029164897	0.009468156365431194	-0.00273242717521109	-0.021497749631200987	-0.016679375252059005
PET0586	-0.04788158431534348	0.02524958960208379	0.033006983498217804	0.016784516672886374	-0.0025983647567379567	0.018294583632266763	0.053855411937338706	0.013077270828255444	-0.040452820920024495	0.0994416622172577	0.07827991111554373	-0.06900328655280767	-0.26373308111331384	-0.16142848460226758	0.02836911451050241	-0.007618658390810098	0.031501429629695384	-0.015842601069658565	0.028945993306357342	-0.02502702750085439
PET0587	-0.0540278737090789	0.023994942885060353	0.03542623117582756	0.025185986538758864	0.016944692929706042	-0.0061965758448079104	0.04813649209159122	0.01774939566690308	-0.02174842311950808	0.12613457102393358	0.07462828563351637	-0.03566501011525082	-0.27772075944160723	-0.19501576509881477	0.0600149786701851	-5.306352221105632e-4	0.005890820733051333	-0.017730747053792243	0.031692929116206074	-0.019234450692974626
PET0588	-0.05118430444218369	0.02255494131556443	0.028041810678968694	0.021383532934497632	-0.001236206416387086	0.01398208293349201	0.032852250635863	0.007881854669628784	-0.017392452634726347	0.1057718676315066	0.054771679366448604	-0.028959812594560284	-0.22547329813874617	-0.17424826392501566	0.05919606857461716	5.115210056248849e-4	0.013679389415662173	-0.015783230814337714	0.00462834418660443	0.012621444886127646
PET0589	-0.12483865759139175	-0.09853388571557214	-0.16729210861658497	-0.05339377199177481	-0.01279187274537276	-0.010163827252780061	0.006066689304865747	0.006835893993767565	-0.012903758134922685	0.004518482656850485	0.01122821812803679	-0.011681703660760169	-0.04915944797360857	-0.004788908997741314	0.04677057697801852	-0.01763615496270355	-0.32955003220998724	0.001093546082366139	-0.004924351840977952	0.06777675857852862
PET0590	-0.12364673250325299	-0.10164900188812943	-0.1599467368833405	-0.05858129909886616	-0.004821058815097968	0.0039865775895453065	-0.00799574251512472	0.004212958858132967	-0.008690269306025206	2.000018015905022e-4	0.0179566421441961	0.0070578885748738334	-0.02942640869223923	0.029312760758576716	0.024655028720511046	-0.022014961900435684	-0.3233453881124394	0.025985062468715067	0.0027255751161730864	0.002139282912887891
PET0591	-0.1536104190037456	-0.1586043073373178	-0.29366684139127586	-0.1595781051147602	-0.04936609017505312	-0.09165898724752962	0.015640739820495762	-4.314478469146725e-4	0.026461342100356354	0.00859047762870573	-0.019884643178744065	0.002820277540955689	0.03204016386202847	-0.018195258916759806	-0.007587360760367408	0.006074633981966406	0.34851751323282665	-0.02893787857255015	-0.008246107777894935	0.023330620822493733
PET0592	-0.147262155071955	-0.1406138789655199	-0.25640982159093023	-0.13039879690071315	-0.037884823895126776	-0.07003129197672035	0.010623383664477976	0.00816426773114195	0.003272169820916417	0.003669459103303315	-0.011293743571559359	-0.011800739167115545	0.011014905371659398	-0.01244201532457244	-0.011297241040035308	-0.0031921655885030955	0.17545679485765467	-0.008017350416711793	0.003192424803943032	-0.005707358364739463
PET0593	-0.14825304200667602	-0.14426203890579994	-0.2674008018545379	-0.14071961440263298	-0.05018753958447643	-0.07131415434853154	0.01852959276225729	0.003621902216065734	0.012758694252331873	-8.27287338659026e-4	-0.020724152432466256	-0.010420294526293917	0.012192616368234621	-0.0158753858506314	-0.008753731629011193	-0.005062818103828121	0.17494775649434433	-0.01210763519139714	-0.01797406847232194	0.010450911593263551
PET0595	-0.14700308214860433	-0.13067774449242847	-0.24195479521175145	-0.1211798150329146	-0.033233168692635616	-0.0565302366791948	0.00770741976186014	-0.003708348876081027	0.006300690119264396	-0.001848019398692732	-0.01087590597149663	0.01124379668224304	0.009815789927649981	-0.003869590663423382	-0.010877388078409916	0.0167028585731792	0.03649525575287735	0.012801245730668768	0.02101803121242511	-0.0032307925236535126
PET0596	-0.1484070606164133	-0.1518052830085042	-0.2789603940406812	-0.151560926506447	-0.048607799597892715	-0.07754446824650835	0.016474682968112057	-0.0013377101462170651	0.014240366610643861	0.01890884186009111	-0.02055498506805655	-4.446178877481151e-4	0.02999034576413247	-0.010490695233467707	-0.00663637987414116	-0.007164530733889258	0.30343231014994004	-0.03433288453048511	-0.006906510088373069	0.0012555436589809527
PET0597	-0.13676672675414675	-0.11324986499990608	-0.19043948774611974	-0.06552099609588323	-0.0034966373337630002	-0.024351608863363235	0.006587763755125488	-0.004074045508809705	-0.0048112538603252725	0.011254539475938465	0.001500845331542869	0.008130453385163387	-0.03607264201238331	0.02207537663894605	-8.888551632163145e-4	0.012229875736149268	-0.48237681086015904	0.061871071586143696	-0.0062376267913507675	-0.04430997072696103
PET0598	-0.12788500970939704	-0.10254404271407723	-0.17232679045451296	-0.05676723704243586	-0.012065356992815104	-0.014603041490345303	9.833748830386999e-4	-0.010389863649495117	-0.01987989700652635	-0.012382222976560104	-9.07605230865249e-4	0.025943928124972024	-0.020104714610641897	0.04791655394716881	-0.0227378651205366	0.023349307981370443	-0.47448712681231986	0.04473184704960392	0.04584215029256239	-0.07846679918522592
PET0599	-0.0900504888337787	-0.040952461414832456	-0.021265588682099372	0.07868521304538326	0.04924152550736545	0.29019891975339607	-0.08504519888319748	-0.026672189888337132	0.04679131380321322	-0.040349455923759416	-0.01921012689522525	0.014298666135333095	0.00647326257396229	0.007024825507623108	-0.0531985911784103	0.0498204981263681	0.001907097599545017	-0.014618723370050222	0.006507704779365567	0.046749520850280425
PET0600	-0.08694012610600499	-0.03586152462454295	-0.013537399520815683	0.08704498726988902	0.055977425476542934	0.32070743197707346	-0.08972668665880554	-0.03926052539828349	0.06383409440953107	-0.019599040668873555	-0.041580366768928255	-0.02453329831468924	0.023113449408375196	-0.015550661629583533	-0.0013454059826710266	-0.019720157393343752	0.05556497922616865	-0.01222801620835754	0.02281123606097113	-0.09987089592764184
PET0602	-0.08840394476626948	-0.03907847553999118	-0.005761443845754011	0.0916365141104547	0.046893478819423226	0.3381434024036691	-0.08106614245268394	-0.030323839656220753	0.04855842282069931	-0.02110294663010728	-0.035550338965932474	-0.003328326899374968	0.030020158970856442	-0.0017257913570182836	0.015303466004784477	-0.04420609088449082	0.07368543288746218	-0.033848094433480996	0.006869137651984368	-0.13922378356775056
PET0603	-0.0836481158499491	-0.03642348252193771	-0.01604618091170472	0.07982610059920087	0.03222420535304316	0.28148892095239625	-0.05742845146150766	-0.010610126876413828	0.04168699335698777	-0.015667977594264502	-0.03941916328206281	0.0035733013796652975	0.007187531788044558	-0.006699149401320265	-0.018535956553996355	9.247638023079963e-4	0.03261890580436196	-0.017822530982182554	0.004995535963672832	0.02113953955664789
PET0604	-0.08918310261812312	-0.039758490214380694	-0.014263489061551029	0.09091763948506144	0.054419920206559017	0.33614731049708724	-0.08991702323043205	-0.02261959237524702	0.03836753726214552	-0.05790055485271788	-0.03637729836271871	0.007303045837181918	0.019747690853302028	0.010520194518210542	-0.019258572041541668	-0.006324705477203965	0.04121507423505579	-0.005949609298075172	0.019310941617961038	0.06849482932258256
PET0605	-0.08695444370327354	-0.0374135544116936	-0.016238598861804877	0.07246865582052164	0.028036731585504307	0.26052118672405283	-0.055399910817894034	-0.003933143097491688	0.016783081804501318	-0.03446919942203868	-0.03998391134534191	-0.008157991099598647	0.025040787616066554	-0.009172151685461476	-0.010192963895637763	3.716830710963601e-4	-0.02303513728683637	0.0420881085877526	0.025799911855684844	0.06513323120936013
PET0606	-0.08193214947526088	-0.034659170549177776	-0.01057286429465182	0.07127838103652895	0.04101603362393224	0.25618668859625604	-0.062497572032476655	-0.017244022059899264	0.030757989580729176	-0.041291554879789034	-0.027881438622123896	-0.002572034850160117	0.008204996814468818	0.010209861281150118	-0.01245829744348851	-0.0014864022172684152	0.007410878291139139	0.008097191143798277	-6.717155135558324e-5	0.06764716607466746
PET0607	-0.08159333153556124	-0.04578983371781416	-0.01841316973398437	0.0787237040678337	0.0354323292967038	0.2928679477639901	-0.07039251984092139	-0.023655856091939573	0.03154222648117829	-0.017458666118821256	-0.05255849758163246	-0.003900061513849492	0.031930476735918575	7.178485028082843e-4	-0.005244187102750562	-0.014181377890323863	0.041932087702514616	5.192811042960118e-4	0.01285133340352383	-0.0681122235218693
