sample	EV1	EV2	cluster
ARG0001	-0.02203596560872896	0.03223072835513137	0
ARG0002	-0.020078207553137828	0.0890807140680363	0
ARG0003	-0.019458078592965375	0.09949087548711812	0
ARG0004	-0.020750638266621796	0.057936906259241736	0
ARG0005	-0.01933745419213146	0.08439842254993919	0
ARG0006	-0.0198017482844628	0.08918348677250246	0
ARG0007	-0.02100672188794036	0.05866426478116858	0
ARG0008	-0.020395406251534604	0.11413877859796195	0
ARG0009	-0.020265789735482757	0.11176177072199049	0
ARG0010	-0.00730556890944694	0.05601522732998324	0
ARG0011	-0.020506824811480473	0.03347273430694153	0
ARG0012	-0.020909749821615066	0.057880472425554455	0
ARG0013	-0.01907932269727585	0.049982152495845256	0
ARG0014	-0.019675264863192626	0.07104514670539373	0
ARG0015	-0.022059761887354732	0.041801967151041994	0
ARG0016	-0.021024730081725406	0.07172314387645587	0
ARG0017	-0.02078474649397314	0.06756137561265445	0
ARG0018	-0.021718278938801946	0.06009816349521067	0
ARG0019	-0.02009901608998156	0.05597529005236539	0
ARG0020	-0.021694348155816924	0.04375185865024264	0
ARG0021	-0.02082352084213224	0.13238107244702932	0
ARG0022	-0.022667437137245235	0.0443988230278739	0
ARG0023	-0.021860773037172848	0.03508697301128354	0
ARG0024	-0.020348190828823318	0.06384510477687473	0
ARG0025	-0.020069239045171213	0.13298278360582974	0
ARG0026	-0.02098301872841681	0.12814376073599335	0
ARG0027	-0.021904672656350092	0.0837964787849115	0
ARG0028	-0.020793265733556485	0.10439777707599798	0
ARG0029	-0.020733095888791537	0.11544437574260909	0
ARG0030	-0.02299030726497695	0.048839918832663184	0
ARG0031	-0.021906988847763223	0.09342623974810799	0
ARG0032	-0.021036356154248505	0.08584777714891152	0
ARG0033	-0.020811337807447455	0.11728922743668302	0
ARG0034	-0.020888418229211426	0.08652827470082108	0
ARG0035	-0.021287392107557323	0.08341681536386694	0
ARG0036	-0.02154569546013335	0.1559316435375944	0
ARG0037	-0.021854573197645173	0.08473101878889427	0
ARG0038	-0.02059943722583833	0.12219445284288334	0
ARG0039	-0.018938767307146904	0.054675129465361585	0
ARG0040	-0.022036932645643097	0.09209795831716025	0
ARG0041	-0.020978488937503176	0.0848283729972489	0
ARG0042	-0.0208473881107763	0.03074004297791439	0
ARG0043	-0.02140229488062953	0.036403160857047784	0
ARG0044N	-0.023266997593617264	0.036319891870875115	0
ARG0045	-0.02169933145193674	0.08840663903449796	0
ARG0046	-0.022950888509155457	0.03346260976528112	0
ARG0047	-0.02190241466313176	0.0642210113657262	0
ARG0048N	-0.02311155893951297	0.0364973027756888	0
ARG0049	-0.022099288225564534	0.008859060475903808	0
ARG0050	-0.020747570195260266	0.07808256661888514	0
ARG0051	-0.019409615602567546	0.07880448591387189	0
ARG0052	-0.021248233552354574	0.07854634056009155	0
ARG0053	-0.019115503707388914	0.056225831248129375	0
ARG0054	-0.021903359495586392	0.12167326835141974	0
ARG0055	-0.02122404276976645	0.07555856820973023	0
ARG0056	-0.02103042294585735	0.08039013310156021	0
ARG0057	-0.020320432158818583	0.08902938036512335	0
ARG0058	-0.020162230665883834	0.1044830830665645	0
ARG0059	-0.021261659480884335	0.03226473900089216	0
ARG0060	-0.022020173400063844	0.06801658040550372	0
ARG0061	-0.0206943233177959	0.038225951239976276	0
ARG0062N	-0.020750115836720956	0.09623602083799142	0
ARG0063	-0.02030825079583091	0.08609486139146535	0
ARG0064	-0.02063147843841357	0.05798056842970091	0
ARG0065	-0.021144079777920335	0.05925506803529619	0
ARG0066	-0.021476302373940593	0.008974778623762556	0
ARG0067	-0.021050117897133333	0.09427734388204456	0
ARG0068	-0.020236146218372247	0.07152270264780708	0
ARG0069	-0.020984182567542344	0.08819372534979986	0
ARG0070	-0.02188523972705654	0.05764069711528226	0
ARG0071	-0.021563559608867286	0.05701994359622685	0
ARG0072	-0.021643551487136058	0.04031354582179159	0
ARG0073	-0.02045646121161327	0.07291792143884498	0
ARG0074	-0.020405152766043932	0.08811007664752689	0
ARG0075	-0.021605364964739887	-0.0022619929212005655	0
ARG0076	-0.02067138958762229	0.05250115950075231	0
ARG0077	-0.019724682527300166	0.054856600294677135	0
ARG0078	-0.02282089681834159	-0.005087341925577823	0
ARG0079	-0.02139977800958169	0.05545171317609518	0
ARG0080	-0.02057089562014614	0.0638516573140421	0
ARG0081	0.13856880663569393	-0.03364817361361935	1
ARG0082	0.0320257993184907	-0.03513293527044442	0
ARG0083	-0.021154271171972872	-0.012335317067893047	0
ARG0084	0.03437988334647605	-0.0365825254906548	0
ARG0085	-0.021097145798890826	-0.013204227016618896	0
ARG0086	0.03298631722951052	-0.0276486811976977	0
ARG0087N	-0.021063661118913172	-0.017556386355112658	0
ARG0088	-0.017318337590289695	-0.01478804983677339	0
ARG0089	-0.020860042236245165	-0.015307326706984141	0
ARG0090	-0.020820021035710873	-0.014085924355778372	0
ARG0091	-0.021618959228628522	-0.012614849270932225	0
ARG0092	-0.02109974154458805	-2.2797198361422175e-4	0
ARG0093	-0.021733380857189004	-0.030963571970739956	0
ARG0094	-0.02064187060042838	-0.0027935076919547875	0
ARG0095	-0.02179761271382732	-0.023650434469025674	0
ARG0096	-0.021755951836099813	-0.011040012841931545	0
ARG0097	-0.02091876555440675	-0.009755133043227966	0
ARG0098	-0.02214225484935525	-0.02042826338070118	0
ARG0099	-0.02092916211299	-0.01787724938954218	0
ARG0100	-0.0212977927378995	0.0013599740555809937	0
ARG0101	-0.022137366355713	-0.0024442095793547917	0
ARG0102	-0.022291217601999723	-0.01837402614421339	0
ARG0103	-0.021285961696484345	1.2839185528056192e-4	0
ARG0104	-0.021149083743975908	-0.001233121911237093	0
ARG0105	-0.018120447107103643	-0.0023121794812688123	0
ARG0106	-0.02058046017432516	-0.003841275500554409	0
ARG0107	-0.022182041251127275	-1.9254740829326503e-5	0
ARG0108	-0.016270002717340172	-0.01586445054880857	0
ARG0109	-0.0216633307125795	-0.018310605689179502	0
ARG0110	-0.021858673583835336	-0.005051303231125502	0
ARG0111	-0.02229261649057439	-0.0038526942254269976	0
ARG0112	-0.021766992415365834	-0.010912759534581495	0
ARG0113	-0.019948977351091468	0.030630626826462934	0
ARG0114	-0.02171235022501321	-0.02189418823666569	0
ARG0115	-0.019893638166575356	0.02194527174730696	0
ARG0116	-0.022713913341683233	-0.0025498963937625107	0
ARG0117	-0.021252694157471184	-0.0029866191790116053	0
ARG0118	-0.01920111128397622	-0.012063635145199024	0
ARG0119	-0.02139682850648205	-0.022603368680679508	0
ARG0120	-0.021973758459968844	-0.0020538194271391037	0
ARG0121	0.11864767776977694	0.013785914807023469	1
ARG0122	0.1788176971641791	0.012033198006785269	1
ARG0123	0.12266248446245578	-0.004232222742280578	1
ARG0124	0.11634282883295366	-0.003127166347544695	1
ARG0125	0.11923425715105862	-0.002213172732068478	1
ARG0126	0.12130005573358739	0.014970627216437528	1
ARG0127	0.11693583716268809	0.005431024723543818	1
ARG0128	0.17280681773503503	0.020838337124358258	1
ARG0129	-0.02181499896347914	0.0011408951645498094	0
ARG0130	0.11754591006224277	-0.015796410782362075	1
ARG0131	-0.020700172409381858	-0.015794876549577487	0
ARG0132	0.1386071018944075	0.03709816381307517	1
ARG0133	-0.020281704198642884	-0.015543411260505515	0
ARG0134N	0.11994294146736857	-0.019221731299976657	1
ARG0135	-0.021525943631059495	-0.0013239660584431837	0
ARG0136N	-0.021373344734224035	-0.005225057090100487	0
ARG0137	-0.020425742872462578	-0.008643135832346976	0
ARG0138	-0.02134064630123598	-0.012324536872288974	0
ARG0139	-0.020277290585686118	-0.007049715407378247	0
ARG0140	0.2398648502805163	-0.005602830341677738	2
ARG0141	-0.021432359067948544	-0.010733804131144838	0
ARG0142	0.11875228655888628	-0.013632404879402723	1
ARG0143	0.24012241532636008	-0.0063620357504961395	2
ARG0144	-0.020060459147199106	-0.05417828493192552	0
ARG0145	0.027288044232756468	0.001989841910900381	0
ARG0146	-0.020539690599006066	-0.014936549165557202	0
ARG0147	0.0381983328644384	0.015865932265233133	0
ARG0148	-0.020903620121132383	-3.382305791148569e-4	0
ARG0149	0.03774810218610246	0.023248756222883138	0
ARG0150	-0.021434338212296494	-0.016403530736174968	0
ARG0151	-0.01992195949357721	0.0016875028971818128	0
ARG0152	-0.019446950005653506	0.01932228279527941	0
ARG0153	-0.021871619363474475	0.002732776225997564	0
ARG0154	-0.02133451881939978	-0.08407000713209534	0
ARG0155	0.039570489722374265	0.02449739912802558	0
ARG0156	-0.017699497493378364	0.026304610294319707	0
ARG0157	-0.020117282255781268	0.06251067175317049	0
ARG0158	-0.02174659820765409	-0.006082397287100003	0
ARG0159	-0.022112688756017976	-0.0031713529096340596	0
ARG0160	-0.022400772681325384	-0.13979928059588778	0
ARG0161	0.17324797344737208	0.023420696969924125	1
ARG0162	-0.021409011385285982	0.006253316210213251	0
ARG0163	-0.02094965440190089	-0.014533025079837059	0
ARG0164	0.12027264917032632	-0.017033217921731788	1
ARG0166	0.17454723870868086	0.021836143393051045	1
ARG0167	-0.020564270426288528	-0.012107644202147686	0
ARG0168	-0.020557034405692235	-0.00912765448507058	0
ARG0169	-0.02205221391713464	-0.025327286282365705	0
ARG0170	-0.02105807186914213	-0.03182214787049297	0
ARG0171	0.24953684974923496	-0.0068443094492476805	2
ARG0172	0.25038416431611304	-0.006449831068099196	2
ARG0173	0.117190254992731	0.024238400514699377	1
ARG0174	0.11770800795882008	-0.0021501066135197477	1
ARG0175	0.11639727062539008	-0.004150794660283553	1
ARG0176	0.11961544848344875	-0.003000569373122316	1
ARG0177	0.25106639977367423	-0.006078541388578426	2
ARG0178	0.1178079647084896	-0.0013417958802410535	1
ARG0179	0.11954202387168901	0.036094109612321706	1
ARG0180	0.25094122302517186	-0.005692057425672414	2
ARG0181	0.11726874629450036	-0.004485918244163351	1
ARG0182	-0.021429196266684637	-0.02688128591833335	0
ARG0183	-0.020374055655792242	-0.03966825724450569	0
ARG0184	0.11456769943613186	-0.0029489262152671315	1
ARG0185	-0.020496211542347403	-4.328966814829069e-4	0
ARG0186	0.1158443054067574	-0.008950596119417394	1
ARG0187	-0.014908601431388231	-0.003682864634220732	0
ARG0188	0.2452464173402593	-0.006528835860742183	2
ARG0189	-0.021671717418691276	-0.08383560414447626	0
ARG0190	-0.020617560542357215	-0.02506790380990535	0
ARG0191	-0.020596490822440132	-0.008829624697039032	0
ARG0192	-0.021069383230728787	-0.006903506578614973	0
ARG0193N	-0.021610394839084533	-0.019159755118479206	0
ARG0194	-0.02002453611551888	-0.01047284983438957	0
ARG0195	-0.02009441046320771	-0.022400318786481674	0
ARG0196	-0.021800717889343752	-0.013043448275857992	0
ARG0197	0.11699335075810302	-0.011704090755332386	1
ARG0198	-0.0220449878320548	-0.02275140089312327	0
ARG0199	-0.021855265866031887	-0.028799976164597077	0
ARG0200	-0.021463076687037536	-0.0175333335851708	0
ARG0201	-0.020962609430957114	0.021812029013020748	0
ARG0202	-0.021528316097953977	0.01939901154525767	0
ARG0203	-0.021410890979000653	0.03176451414461856	0
ARG0204	-0.02369222397147343	0.03367561834654543	0
ARG0205	-0.0207952177635888	0.026239471830026118	0
ARG0206	-0.021869761621123352	0.053554762248630775	0
ARG0207	-0.021722182364154866	0.010972967114447424	0
ARG0208	-0.020537004499832742	0.06260823562457823	0
ARG0209	-0.022314842830708746	0.007355824930787267	0
ARG0210	-0.020296505287389768	0.03258836814880012	0
ARG0211	-0.020417720502056605	0.011443435827809208	0
ARG0212	-0.02046492886149157	0.034102829385458715	0
ARG0213	-0.020191676644795292	0.04254471646054954	0
ARG0214	-0.021207652656621494	0.0013206899040624828	0
ARG0215	-0.021895916881281147	0.027192206614040038	0
ARG0216	-0.02086229784514563	0.045089472895611	0
ARG0217	-0.020209627738797316	0.07511755317777455	0
ARG0218	-0.021419177754642853	0.029942055514121758	0
ARG0219	-0.022598192963876454	0.027571643380252673	0
ARG0220	-0.021050203311163855	0.03471888521106456	0
ARG0221	-0.020646856431432468	-0.07500931484363946	0
ARG0222	-0.021519179061420663	-0.06954093575024049	0
ARG0223	-0.020907419008173042	-0.04493974253550924	0
ARG0224	-0.021069849721477955	-0.051082231954460613	0
ARG0225N	-0.022584440295662388	-0.0518146722375498	0
ARG0226N	-0.022633347271073488	-0.06274781508761712	0
ARG0227	-0.022039508779167077	-0.07087504184598943	0
ARG0228	-0.02182543123106096	-0.058170350354322935	0
ARG0229	-0.02082581000541161	-0.06865094062646984	0
ARG0230N	-0.02220390303120514	-0.06366617372887333	0
ARG0231	-0.01958994982154549	-0.018986332323302085	0
ARG0232	-0.020300748559539047	0.024184509913053553	0
ARG0233	-0.021878872918883747	-0.04216685621104705	0
ARG0234	-0.02050637681163374	-0.020438720683926336	0
ARG0235	-0.022385948638497737	-0.036979574094823685	0
ARG0236	-0.022010463623805265	-0.06733927129882615	0
ARG0237	-0.0220455793331572	-0.04426442468267536	0
ARG0238	-0.022100788163987094	-0.04748950686157479	0
ARG0239	-0.021300804596108558	-0.0659916156645658	0
ARG0240	-0.020856034441027897	-0.06504127677079839	0
ARG0241	-0.02194992599409379	-0.06859609372452817	0
ARG0242	-0.02159645896414234	-0.03189414838458501	0
ARG0243	-0.015771165368191346	-0.05067609483662618	0
ARG0244	-0.021453962572498493	-0.07086800974540315	0
ARG0245	-0.021240031512187015	-0.06542878220152615	0
ARG0246	-0.02165631017890945	-0.047908604613947074	0
ARG0247	-0.022887171862782	-0.06934162289294227	0
ARG0248	-0.021670911366095422	-0.08394192414870114	0
ARG0249	-0.020574079061736552	-0.03937522752742866	0
ARG0250	-0.021222809857039133	-0.07407836860784811	0
ARG0251	-0.02257958053892421	-0.05319740701914954	0
ARG0252	-0.018525344798994425	-0.022305454165545135	0
ARG0253	-0.021903694082159357	-0.03310119133720797	0
ARG0254	-0.019833314080840388	-0.028242322312696053	0
ARG0255	-0.019444637675124592	-0.0529223150709774	0
ARG0256	-0.022386465071975316	-0.07368279045716075	0
ARG0257	-0.02128598400518416	-0.048936577352747104	0
ARG0258	0.016944240656269108	-0.011548877656704471	0
ARG0259	-0.022548010692269457	-0.1021903819893862	0
ARG0260	-0.02039337154682144	-0.051486370284291066	0
ARG0261	-0.0199397422970994	-0.013371923544577365	0
ARG0262	-0.021746365067254997	-0.08564830667570987	0
ARG0263	-0.02247100703919164	-0.08389563582173892	0
ARG0264	-0.02216484774573083	-0.07872226599352734	0
ARG0265	-0.02119269147288086	-0.04477149525047173	0
ARG0266N	-0.021213414734619095	-0.03280538791185257	0
ARG0267N	-0.021372889882437483	-0.03514959768332836	0
ARG0268	-0.021432836428964826	-0.07263390128008176	0
ARG0269	-0.022120340498066132	-0.05018345419449179	0
ARG0270	-0.020706893871992052	-0.022933846265407995	0
ARG0271	-0.022246592800586423	-0.14455964217539727	0
ARG0272	-0.02318831695338387	-0.12967073165376064	0
ARG0273	-0.022354864265115473	-0.07155137295095362	0
ARG0274	-0.023310521760504903	-0.14467602626504844	0
ARG0275	-0.022635615548579326	-0.06832102497660261	0
ARG0276	-0.02176979873116567	-0.05984319722209961	0
ARG0277N	-0.022239217878359818	-0.0726973634192551	0
ARG0278N	-0.02264599769416884	-0.13078831416348252	0
ARG0279	-0.022128225022702088	-0.12206099214112849	0
ARG0280	-0.020075795264537195	-0.057378461618086206	0
ARG0281	-0.021125482596644114	-0.05863926046098837	0
ARG0282	-0.021908667574055823	-0.054732576003408376	0
ARG0283	-0.02192095484545735	-0.0451085079379533	0
ARG0284	-0.020274286041360338	-0.07788983740776319	0
ARG0285	-0.021908984250212378	-0.07623425378867055	0
ARG0286	-0.021685067448283402	-0.03936056050986215	0
ARG0287	-0.02036183694635755	-0.07252472596260863	0
ARG0288	-0.020139425085244054	-0.039425602017373454	0
ARG0289	-0.02275849435106068	-0.08304498471415385	0
ARG0290	-0.02103422947424284	-0.05499782402590014	0
ARG0291	-0.02116965161822522	-0.12157025605297773	0
ARG0292	-0.022548053511512137	-0.12718038298361195	0
ARG0293	-0.02279952189660585	-0.10822862113373807	0
ARG0294	-0.021979161803501766	-0.13343618491714976	0
ARG0295	-0.023002372626437943	-0.08473311317201612	0
ARG0296	-0.022713618886425938	-0.0826776198171137	0
ARG0297	-0.022531224678104308	-0.13250837132911694	0
ARG0298N	-0.022773199121651096	-0.09321226474794533	0
ARG0299	-0.021618733200424706	-0.10275966832985779	0
ARG0300	0.09747967139853789	-0.04670146762430434	1
