sample	EV1	EV2	total_sites	hets	percent_het	Genotype
ANN0854	-0.050071446	0.092046899	48474	3755	0.077464208	0
ANN1260	-0.049968083	0.084062098	48526	4416	0.091002761	0
ANN0835	-0.049930873	0.092246952	48170	1764	0.036620303	0
ANN0816	-0.049902462	0.079666577	48254	3976	0.082397314	0
ANN0847	-0.049884673	0.091907041	48133	4318	0.089709763	0
ANN0809	-0.049862995	0.083893447	48514	4205	0.086676011	0
ANN0830	-0.049821182	0.077237084	48619	4648	0.095600485	0
ANN0836	-0.049659187	0.083618422	48270	3843	0.079614667	0
ANN0831-	-0.049623941	0.08450258	48240	4076	0.084494196	0
ANN0820	-0.049615215	0.081125732	48127	3197	0.066428408	0
ANN0814	-0.049360376	0.081766633	48311	3895	0.08062346	0
ANN0813	-0.049278051	0.083711108	48097	3974	0.082624696	0
ANN0832	-0.049194164	0.085486672	48005	3404	0.07090928	0
ANN0849	-0.049074842	0.082298371	48611	4719	0.097076793	0
ANN0826	-0.048697192	0.082212171	47783	3305	0.069166859	0
ANN0815	-0.048487641	0.08727088	48041	3792	0.078932578	0
ANN0852	-0.048352978	0.087440294	48017	3397	0.070745778	0
ANN0860	-0.048288445	0.090578423	47893	3177	0.066335373	0
ANN0867	-0.04824917	0.030738403	48450	3280	0.067698658	0
ANN0858	-0.048232772	0.08688505	47608	3330	0.069946228	0
ANN0896	-0.048227771	0.037745405	47970	3222	0.067166979	0
ANN0859	-0.048174001	0.082615728	47913	3211	0.067017302	0
ANN0834	-0.048044267	0.084664464	47804	3089	0.064618024	0
ANN0837	-0.048001887	0.085238516	47768	2617	0.054785631	0
ANN0857	-0.047903512	0.08647486	47617	3153	0.066215847	0
ANN0868	-0.047899055	0.029874	48339	3426	0.070874449	0
ANN1257	-0.047880926	0.075909967	47065	2349	0.049909699	0
ANN0839	-0.047877723	0.082812613	47660	3602	0.075577004	0
ANN0892	-0.047875	0.023167001	48139	3951	0.082074825	0
ANN0843	-0.047868138	0.077484435	47698	3250	0.068137029	0
ANN1253	-0.047674898	0.086176977	47497	3228	0.067962187	0
ANN0850	-0.047667011	0.081092449	47294	2961	0.062608365	0
ANN0840	-0.047576621	0.081010129	47488	3308	0.069659704	0
ANN0806	-0.047538906	0.068435057	47295	819	0.017316841	0
ANN0802	-0.047506257	0.062880866	47553	3234	0.068008328	0
ANN1255	-0.047397023	0.078951938	47837	3330	0.069611389	0
ANN1032	-0.047337348	0.002888225	47931	4189	0.087396466	0
ANN0841	-0.047304255	0.079729364	47410	3277	0.069120439	0
ANN0882	-0.047274902	0.034741798	47889	2470	0.051577607	0
ANN0833	-0.04724941	0.089228275	47855	3199	0.066847769	0
ANN1025	-0.047196692	0.017895699	47963	3688	0.076892605	0
ANN1028	-0.047171567	-0.018021188	47609	2577	0.054128421	0
ANN1027	-0.047161288	0.033721606	47299	1955	0.041332798	0
ANN1034	-0.047135209	0.025310405	47732	2291	0.047997151	0
ANN0846	-0.047074739	0.077326433	47442	3207	0.067598331	0
ANN1256	-0.046972208	0.082288877	47314	3544	0.074903834	0
ANN0851	-0.046926931	0.081647311	47135	2913	0.061801209	0
ANN0869	-0.046868849	0.03329967	47834	2811	0.058765731	0
ANN0812	-0.046783972	0.079421426	47364	3463	0.073114602	0
ANN0838	-0.04673529	0.091031201	47583	3439	0.072273711	0
ANN0845	-0.046662838	0.082328253	47550	3290	0.069190326	0
ANN0895	-0.046652771	0.023294903	47128	433	0.009187744	0
ANN0856	-0.04656258	0.082192003	47043	2782	0.059137385	0
ANN1258	-0.046535017	0.054966231	47393	3889	0.082058532	0
ANN0824	-0.046505857	0.076095392	47224	2856	0.060477723	0
ANN1038	-0.046348411	0.021756119	47915	2868	0.059855995	0
ANN0822	-0.046306014	0.078994315	47890	3892	0.081269576	0
ANN0821	-0.046151115	0.077845701	46852	2278	0.04862119	0
ANN1040	-0.046061752	0.014589547	48189	3746	0.077735583	0
ANN0874	-0.046052043	0.018357605	48136	3682	0.076491607	0
ANN1251	-0.046039155	0.033500238	47537	4230	0.088983318	0
ANN1254	-0.046010345	0.084149566	47045	2942	0.06253587	0
ANN1275	-0.045848016	0.040292295	47848	3186	0.066585855	0
ANN1252	-0.045837814	0.083926267	48228	3842	0.079663266	0
ANN0894	-0.045828804	0.040305348	47579	3339	0.07017802	0
ANN1039	-0.045704043	0.007409151	47445	3218	0.067825904	0
ANN1126	-0.045684128	-0.069679312	47801	3610	0.075521433	0
ANN1110	-0.045531685	-0.073453332	48068	3878	0.080677374	0
ANN1272	-0.045490547	0.036610355	47701	3091	0.06479948	0
ANN0862	-0.045445548	0.028471051	47300	2655	0.056131078	0
ANN1095	-0.045341824	-0.068395597	48654	5120	0.105232869	0
ANN1127	-0.045323835	-0.086832328	48656	5579	0.114662118	0
ANN1259	-0.045306307	0.07855433	46908	2972	0.063358063	0
ANN1023	-0.045169918	-0.016107013	47851	4529	0.09464797	0
ANN0853	-0.045168987	0.082927036	46392	2658	0.057294361	0
ANN1285	-0.045155927	0.039965234	47806	3342	0.069907543	0
ANN1262	-0.045117637	0.032500308	47796	2541	0.053163445	0
ANN1011	-0.04510825	-0.044106073	48650	5821	0.119650565	0
ANN1284	-0.045092985	0.043652665	47395	385	0.00812322	0
ANN1029	-0.045013212	-0.0290161	48453	5465	0.112789714	0
ANN1129	-0.044978937	-0.084012151	48338	4356	0.090115437	0
ANN0879	-0.044966096	0.01159394	47255	2629	0.055634324	0
ANN1092	-0.044912941	-0.07020168	47817	3124	0.065332413	0
ANN1062	-0.044900416	0.027270162	48208	4307	0.089342018	0
ANN1288	-0.04486741	0.045643455	47577	2927	0.061521323	0
ANN0817	-0.044836208	0.075291745	46183	2624	0.056817444	0
ANN0920	-0.044835063	0.023617472	48100	4134	0.085945946	0
ANN1268	-0.044787043	0.037180412	47920	3395	0.070847245	0
ANN1084	-0.044780896	-0.059926721	48697	5804	0.119185987	0
ANN1061	-0.04469424	0.029889989	48103	3772	0.078415068	0
ANN1015	-0.044650333	-0.039471235	48045	5186	0.107940472	0
ANN0877	-0.044642612	0.022275346	46849	2518	0.053747145	0
ANN1278	-0.044595053	0.043652556	47591	3111	0.065369503	0
ANN0981	-0.04445313	-0.026003764	48586	5747	0.118285103	0
ANN0811	-0.044405408	0.074010455	45701	2445	0.053499923	0
ANN1096	-0.044402651	-0.082185591	48473	5250	0.108307718	0
ANN0923	-0.044289354	0.043219226	47465	2836	0.059749289	0
ANN1088	-0.044228006	-0.057601906	48454	4993	0.103046188	0
ANN0878	-0.044218714	0.020581505	47131	2991	0.063461416	0
ANN0927	-0.044127218	0.049095493	48095	3272	0.06803202	0
ANN1024	-0.044107014	-0.011600462	48012	4617	0.096163459	0
ANN0855	-0.044022077	0.086256237	45618	2025	0.044390372	0
ANN0906	-0.043983285	-0.012844117	48459	5473	0.112940837	0
ANN0805	-0.043906596	0.074680811	45870	2086	0.045476346	0
ANN1138	-0.043900284	-0.076536683	47757	3685	0.077161463	0
ANN0982	-0.043892143	-0.031665046	48133	4848	0.100720919	0
ANN0924	-0.043844393	0.053139096	47658	3162	0.066347728	0
ANN1143	-0.043844103	-0.054022913	48525	4790	0.098712004	0
ANN0917	-0.043830286	0.018481602	47999	4025	0.083855914	0
ANN1111	-0.043817784	-0.068382086	47155	3411	0.072335913	0
ANN1026	-0.043786147	-0.024135834	48064	4255	0.088527796	0
ANN0825	-0.043782612	0.069408327	45771	2161	0.047213301	0
ANN1160	-0.043740009	-0.036167339	47456	352	0.007417397	0
ANN1280	-0.043725997	0.043845885	46906	304	0.006481047	0
ANN1282	-0.04350793	0.040149182	47741	3682	0.077124484	0
ANN0964	-0.043484466	-0.033879956	47688	1314	0.027554102	0
ANN1130	-0.043463122	-0.073495652	47885	4258	0.088921374	0
ANN1283	-0.043429808	0.04238604	47480	3137	0.066069924	0
ANN1287	-0.043392725	0.042531959	45967	240	0.005221137	0
ANN1070	-0.043379061	0.027625137	47297	3334	0.070490729	0
ANN1075	-0.043297649	0.001771305	47318	4073	0.08607718	0
ANN1271	-0.043280019	0.032261102	48084	3849	0.080047417	0
ANN1087	-0.043218868	-0.056093115	47470	3741	0.078807668	0
ANN1145	-0.043172057	-0.043697243	47213	3267	0.069197043	0
ANN1072	-0.043153112	0.001177399	46919	3433	0.073168652	0
ANN1276	-0.043104119	0.04155602	47116	2846	0.060404109	0
ANN1021	-0.042956229	-0.001594803	47755	3404	0.071280494	0
ANN1082	-0.042952283	-0.064496577	47913	4394	0.091707887	0
ANN1020	-0.042928898	-0.047922153	47058	3879	0.082430193	0
ANN1122	-0.042925122	-0.075324539	47588	3924	0.082457762	0
ANN1153	-0.042921821	-0.03376643	47275	1862	0.039386568	0
ANN1270	-0.042883431	0.020462938	47876	4013	0.083820703	0
ANN0937	-0.042845536	-0.012127066	47610	3623	0.076097459	0
ANN1006	-0.042819426	-0.04468654	47655	3982	0.083558913	0
ANN1277	-0.042784256	0.04268955	45911	353	0.007688789	0
ANN1118	-0.042696545	-0.072828417	47751	3980	0.08334904	0
ANN1018	-0.042641405	-0.036131389	47246	1055	0.022329933	0
ANN0921	-0.042572024	0.038807087	46880	2671	0.056975256	0
ANN1135	-0.042501868	-0.081878271	47644	3909	0.082046008	0
ANN0911	-0.042404885	0.024172303	47112	3456	0.073357106	0
ANN1071	-0.042403213	0.006162512	47197	3658	0.077504926	0
ANN1109	-0.042385465	-0.085358238	48023	3941	0.082064844	0
ANN1114	-0.042375236	-0.074192419	47822	4129	0.086341015	0
ANN1037	-0.042338143	-0.004717966	46517	2939	0.063181203	0
ANN1085	-0.042310744	-0.05071686	47502	3959	0.083343859	0
ANN0930	-0.042303957	0.030029193	47678	4369	0.091635555	0
ANN1047	-0.042299263	0.030993647	47258	2560	0.054170722	0
ANN1069	-0.042165195	0.017275615	47593	4154	0.087281743	0
ANN1022	-0.042148301	-0.037705039	47313	4148	0.087671465	0
ANN0998	-0.042125762	-0.048604092	47811	3794	0.079354124	0
ANN1099	-0.042107807	-0.066038123	47718	4404	0.092292217	0
ANN1140	-0.042107734	-0.081759021	47565	3457	0.072679491	0
ANN1081	-0.042086398	-0.059631781	47414	3960	0.083519636	0
ANN1101	-0.042064339	-0.074002332	47745	3710	0.077704472	0
ANN1125	-0.041999337	-0.081246677	48065	4073	0.084739415	0
ANN1279	-0.041935047	0.038821317	46338	2620	0.056541068	0
ANN1150	-0.041932271	-0.050985645	47620	4067	0.085405292	0
ANN0958	-0.041827767	-0.027973312	47694	3653	0.076592443	0
ANN0934	-0.041817357	-0.019429081	47420	3969	0.083698861	0
ANN1134	-0.04179231	-0.085483268	48685	5003	0.102762658	0
ANN1263	-0.041757493	0.033244254	47842	3854	0.080556833	0
ANN1116	-0.041740644	-0.064707644	47383	4197	0.088576072	0
ANN1197	-0.041689493	-0.02509811	48106	4478	0.093086102	0
ANN0994	-0.04167457	-0.056437434	46962	346	0.007367659	0
ANN1123	-0.041667344	-0.089138232	48463	4658	0.096114562	0
ANN0965	-0.04160147	-0.034384795	47363	3534	0.074615206	0
ANN1290	-0.041585254	0.040831525	47107	3109	0.065998684	0
ANN1091	-0.041564594	-0.061208066	46828	3177	0.067844025	0
ANN1107	-0.041560625	-0.078659362	47859	4122	0.086128001	0
ANN1108	-0.041553969	-0.077515912	47132	3509	0.07445048	0
ANN0932	-0.041511548	-0.019441338	48121	4102	0.085243449	0
ANN0926	-0.041473276	0.043262751	47962	3638	0.075851716	0
ANN1041	-0.04143091	0.029788739	46305	2963	0.06398877	0
ANN1142	-0.041424415	-0.042891717	47281	4102	0.086757894	0
ANN1016	-0.041401139	-0.057944269	47870	4401	0.091936495	0
HT231_MB1W-8	-0.041396541	-0.030680541	46431	2681	0.057741595	0
ANN1103	-0.041362875	-0.085094818	47280	2656	0.056175973	0
ANN0938	-0.041172919	-0.011750043	47776	4551	0.095257033	0
ANN1106	-0.04116073	-0.07880878	48008	3607	0.075133311	0
ANN1120	-0.041152226	-0.067380889	48054	3863	0.080388729	0
ANN1119	-0.041036412	-0.079720682	47742	3973	0.083218131	0
ANN1105	-0.04097802	-0.07089924	47189	3544	0.075102248	0
ANN1193	-0.04096599	-0.023154215	47061	271	0.005758484	0
ANN1136	-0.040946704	-0.073019613	47194	3535	0.074903589	0
ANN1076	-0.040833876	0.005261089	46553	2449	0.052606706	0
ANN1124	-0.040824638	-0.076526025	47949	3883	0.080981877	0
ANN0931	-0.040823366	-0.014983021	48190	4863	0.100913053	0
ANN0978	-0.040812027	-0.026377663	47855	4559	0.095266952	0
ANN1128	-0.040779834	-0.07695731	47097	3644	0.077372232	0
ANN0970	-0.040691912	-0.033860949	47031	3264	0.069401033	0
ANN1093	-0.040667316	-0.055884206	47486	3738	0.078717938	0
ANN0957	-0.040552459	-0.03238959	48116	4965	0.103188129	0
ANN0922	-0.040543332	0.03688818	47212	2904	0.061509786	0
ANN1086	-0.040487929	-0.058559592	47288	4044	0.085518525	0
ANN1094	-0.04047038	-0.070878729	47124	3603	0.076457856	0
ANN1296	-0.040382201	-0.034711568	47899	4464	0.0931961	0
ANN1159	-0.040301841	-0.031233186	46258	3182	0.068788102	0
ANN1209	-0.040287444	-0.026757651	47772	4205	0.088022272	0
ANN1146	-0.040252515	-0.044943125	46591	3105	0.066643772	0
ANN1121	-0.040211138	-0.065802474	47228	3977	0.08420852	0
HT219_SD2W-38	-0.040201908	-0.030982804	45421	3189	0.070209815	0
ANN1306	-0.040125552	-0.026771481	47448	3907	0.082342775	0
ANN1090	-0.040079873	-0.057652504	47601	4034	0.084746119	0
ANN1139	-0.039993427	-0.070205979	46503	3388	0.072855515	0
ANN1102	-0.039968199	-0.070158996	46803	3373	0.07206803	0
ANN1211	-0.039944988	-0.023737505	48139	4546	0.094434866	0
HT44_ND1W-12	-0.039883421	-0.030432135	45965	2623	0.057065158	0
ANN1117	-0.039811794	-0.061336032	46959	3423	0.072893375	0
ANN1294	-0.039721043	-0.034175717	47310	4062	0.085859226	0
ANN1104	-0.03971272	-0.075942818	47291	3705	0.078344717	0
ANN0939	-0.039658684	-3.21E-04	46008	2485	0.054012346	0
ANN1372	-0.039596032	-0.020599881	48388	4574	0.094527569	0
ANN1157	-0.039536843	-0.030043792	45991	3110	0.067621926	0
ANN0865	-0.039496425	0.022835917	43672	397	0.009090493	0
ANN0961	-0.039460458	-0.035631146	47482	4269	0.089907755	0
HT125_MB1W-20	-0.03941814	-0.028096281	44921	2240	0.049865319	0
ANN1152	-0.039405093	-0.037979215	47847	4581	0.09574268	0
ANN0969	-0.039395047	-0.03388263	47359	3992	0.08429232	0
ANN1298	-0.039382482	-0.034866521	47630	4592	0.096409826	0
ANN0966	-0.039360059	-0.035366941	47656	4665	0.097889038	0
ANN1098	-0.039358052	-0.075132155	47900	4366	0.091148225	0
ANN1000	-0.039252777	-0.05282774	44953	561	0.012479701	0
HT170_SD2W-14	-0.039228889	-0.02419139	45448	3071	0.06757173	0
ANN1089	-0.039224255	-0.057096392	46586	3547	0.076138754	0
ANN1307	-0.039189612	-0.028646846	46832	3674	0.078450632	0
ANN1155	-0.039103298	-0.038058746	47356	3949	0.083389644	0
ANN1291	-0.03907386	-0.03240333	47124	3568	0.075715135	0
ANN1196	-0.039061679	-0.031212374	47012	3604	0.076661278	0
ANN1191	-0.038919252	-0.039166514	47617	4404	0.092487977	0
ANN1292	-0.038915923	-0.017635809	46496	3237	0.069618892	0
ANN1314	-0.038904706	-0.026849186	45813	295	0.00643922	0
ANN1078	-0.038883937	0.006779067	47251	4134	0.087490212	0
ANN1269	-0.038869436	0.029305789	46781	2843	0.060772536	0
ANN0929	-0.038768887	0.035199065	46684	3015	0.064583155	0
ANN1213	-0.038735205	-0.022966604	47416	3694	0.077906192	0
ANN1321	-0.038715348	-0.020725596	47074	3803	0.080787696	0
ANN1311	-0.038663568	-0.035342877	48463	5511	0.113715618	0
ANN1112	-0.038479026	-0.061167537	46786	3733	0.079788826	0
ANN1097	-0.038466955	-0.072816623	47062	3502	0.074412477	0
ANN1233	-0.03841534	-0.019204128	48064	4421	0.091981525	0
ANN1316	-0.038381862	-0.031495846	48319	4437	0.091827232	0
ANN0979	-0.03832872	-0.040543137	47508	4049	0.085227751	0
ANN1378	-0.03799434	-0.022207379	47803	2385	0.049892266	0
ANN1300	-0.037969298	-0.03473127	45992	1376	0.029918247	0
ANN1295	-0.037842738	-0.035122202	46545	3174	0.068192072	0
ANN1293	-0.037772375	-0.030245451	46348	3070	0.066238025	0
ANN1299	-0.037581431	-0.032624346	46373	3502	0.075518082	0
ANN1319	-0.037505892	-0.041606885	47704	327	0.006854771	0
ANN1214	-0.037469823	-0.02350127	47762	4063	0.085067627	0
ANN1377	-0.037326468	-0.020178405	47697	4233	0.08874772	0
ANN1200	-0.037259278	-0.034143961	47030	3847	0.081798852	0
ANN0967	-0.037255469	-0.046839094	46715	2362	0.050561918	0
ANN1226	-0.037014949	-0.018757093	47423	4087	0.086181811	0
ANN1236	-0.03696296	-0.02192979	47264	3502	0.074094448	0
ANN1317	-0.036784954	-0.036407465	48044	3977	0.082778287	0
ANN1131	-0.036728218	-0.073622253	45375	2610	0.057520661	0
ANN1237	-0.036603911	-0.022620072	46984	3518	0.074876554	0
HT211_MO1W-39	-0.036593321	-0.023841317	44133	2392	0.054199805	0
HT228_KS2W-12	-0.034860557	-0.032880984	45157	3029	0.067077087	0
ANN1235	-0.034734353	-0.021634014	47430	4202	0.088593717	0
ANN1324	-0.033761999	-0.023731487	47218	4332	0.091744674	0
ANN1410	-0.033526203	-0.020490627	46877	3876	0.082684472	0
ANN1356	-0.033331449	-0.023373021	47484	3566	0.075098981	0
ANN1328	-0.033306639	-0.026768848	47583	1779	0.037387302	0
ANN1194	-0.032869658	-0.035958965	45080	2841	0.063021295	0
ANN1406	-0.031014685	-0.024296444	46492	291	0.006259141	0
ANN1359	-0.02967005	-0.02406714	46502	3375	0.072577524	0
ANN1358	-0.029433663	-0.020573812	46046	2788	0.060548148	0
ANN1351	-0.029341343	-0.018011262	46980	3499	0.074478501	0
ANN1365	-0.029278932	-0.021618681	45631	2593	0.056825404	0
ANN1354	-0.028872886	-0.018867083	46017	3010	0.065410609	0
ANN1352	-0.026641127	-0.020376113	47072	4221	0.089671142	0
ANN0810	4.63E-04	0.070310408	48938	12546	0.256365197	1
ANN1030	8.61E-04	-0.010255822	47774	8174	0.17109725	1
ANN0828	0.001073438	0.060844885	48719	11408	0.234159158	1
ANN0829	0.001555538	0.076565249	48857	11582	0.237059173	1
ANN0889	0.00156275	0.042569672	48274	9920	0.20549364	1
ANN1053	0.001613373	0.044193581	48626	10388	0.213630568	1
ANN0897	0.001767858	0.049041787	47864	9003	0.188095437	1
ANN1055	0.002356603	0.0437914	48039	8899	0.185245322	1
ANN1274	0.002368208	0.020768615	48846	11245	0.230213324	1
ANN1058	0.002438988	0.035101444	48602	10246	0.21081437	1
ANN0903	0.002463249	0.022457091	48021	8953	0.186439266	1
ANN1043	0.002539598	0.041697748	47642	8091	0.169829142	1
HT330_ND1W-6	0.002591362	-0.017849482	48823	12585	0.257767855	1
ANN0808	0.002629907	0.061987554	48915	12203	0.249473577	1
HT345_KS1W-2	0.002782276	-0.019250451	48878	12694	0.259707844	1
ANN0898	0.002844473	0.043410617	48018	9183	0.191240785	1
ANN0803	0.002960013	0.06816811	48521	10537	0.217163702	1
ANN0804	0.003048874	0.067141113	48582	10706	0.220369684	1
ANN1046	0.003188764	0.028109517	48201	10282	0.213315076	1
ANN0891	0.003202671	0.045838177	48321	10108	0.209184413	1
ANN0863	0.003276059	0.025070225	48456	10422	0.215081724	1
ANN1049	0.003471854	0.038785786	47208	7425	0.157282664	1
ANN1059	0.003481392	0.044462819	47842	8433	0.176267715	1
ANN0946	0.003586904	0.011895434	48789	11384	0.233331284	1
ANN0870	0.003903471	0.03979969	48458	10414	0.214907755	1
ANN0827	0.003961504	0.062552597	47245	7954	0.16835644	1
ANN0905	0.004123778	-0.013008651	48867	11251	0.230237174	1
ANN1051	0.004189331	0.031662886	48020	8413	0.175197834	1
ANN0844	0.004224265	0.063431536	48027	9310	0.193849293	1
ANN1019	0.004269408	-0.028727027	48572	10658	0.21942683	1
ANN0886	0.004377837	0.039389702	47896	9018	0.188282946	1
ANN0884	0.004444175	0.036390696	48066	9549	0.198664337	1
ANN0890	0.004445751	0.04263311	47948	9000	0.187703345	1
ANN0861	0.004463167	0.037375295	47986	9446	0.196849081	1
ANN0900	0.004485437	0.042032836	47625	8270	0.173648294	1
ANN0866	0.004532907	0.0392253	48094	9731	0.202332931	1
Q084_KS2W-32	0.004663368	-0.017563731	48830	11745	0.240528364	1
ANN0916	0.004682731	0.021110513	47968	8933	0.186228319	1
ANN0842	0.004721844	0.064278578	47940	9105	0.189924906	1
ANN0801	0.004768426	0.054870763	47824	8709	0.182105219	1
ANN1301	0.004804742	-0.015697831	48745	10692	0.219345574	1
HT259_KS2E-6	0.004850644	-0.024044298	48865	11598	0.237347795	1
ANN1273	0.004990105	0.012585006	48533	10530	0.216965776	1
ANN1004	0.005146745	-0.02354745	48633	10666	0.219316102	1
ANN1141	0.005233469	-0.025853246	48324	9726	0.201266451	1
ANN1234	0.005243859	-0.012192729	48732	10439	0.214212427	1
ANN0945	0.005277234	0.008309297	48625	10711	0.220277635	1
ANN1286	0.005353869	0.023470378	48422	9910	0.204659039	1
ANN1057	0.005382647	0.029438664	48161	8772	0.182139075	1
ANN0872	0.005391479	0.026695325	48125	9380	0.194909091	1
ANN0880	0.005535691	0.024002522	48231	9763	0.202421679	1
ANN1113	0.00553598	-0.032241887	48321	9803	0.202872457	1
ANN0908	0.005548408	0.015770486	48897	11672	0.238705851	1
ANN0875	0.005606161	0.034144207	48304	9959	0.206173402	1
ANN0986	0.005618805	-0.017294104	48908	12011	0.245583545	1
ANN0807	0.005636252	0.058017833	47220	7922	0.167767895	1
ANN0848	0.005652108	0.0576937	47519	8510	0.17908626	1
ANN1144	0.00565869	-0.02501095	48293	9706	0.200981509	1
ANN1266	0.005663991	0.033225451	48090	9156	0.190393013	1
ANN0918	0.005690223	0.0204822	48402	10230	0.211354903	1
HT254_KS1W-27	0.005692651	-0.013337085	48566	10447	0.215109336	1
ANN1013	0.005692785	-0.027042891	48269	9675	0.200439205	1
ANN0925	0.005716666	0.035453743	48204	9454	0.196124803	1
ANN0910	0.005730697	0.024459002	47487	7903	0.166424495	1
ANN1187	0.005740363	-0.01680021	48645	10723	0.220433755	1
ANN1080	0.005763925	0.007538838	48144	9598	0.199360253	1
ANN0864	0.005769275	0.033016615	48062	9250	0.19245974	1
ANN1083	0.005832706	-0.033046357	48848	10986	0.224901736	1
ANN1133	0.005856717	-0.046013704	48950	11790	0.240858018	1
ANN0959	0.005898855	-0.01714671	48782	10949	0.224447542	1
ANN0940	0.00591638	0.001166349	48158	9461	0.196457494	1
ANN0876	0.005948641	0.024971099	47985	9105	0.189746796	1
ANN0975	0.005980374	-0.015587912	48587	10277	0.211517484	1
ANN1183	0.006062888	-0.013090368	48357	9748	0.201584052	1
ANN1066	0.006095338	0.02707597	48302	9624	0.199246408	1
ANN1198	0.006100415	-0.01423047	48801	10827	0.221860208	1
ANN1036	0.006119631	0.031008487	48188	9647	0.200195069	1
ANN1132	0.006142565	-0.038970828	48495	10401	0.214475719	1
ANN0962	0.006164579	-0.015172509	48534	10115	0.208410599	1
ANN1054	0.006189563	0.029443206	46814	6778	0.144785748	1
ANN1149	0.006256188	-0.023112073	48047	9170	0.190854788	1
ANN1063	0.006288873	0.027836611	48304	9714	0.201101358	1
ANN1302	0.00630672	-0.013730329	48366	9609	0.198672621	1
QPF4_KS1W-9	0.006375622	-0.012742952	48549	10352	0.213227873	1
QPH4_SD1W-13	0.006377088	-0.020676001	48772	10861	0.222689248	1
ANN0871	0.00644029	0.030950597	47609	8597	0.180575101	1
ANN1151	0.006483425	-0.018967034	47976	9137	0.190449391	1
ANN0972	0.006486653	-0.013395372	48622	10429	0.214491383	1
ANN1012	0.006519206	-0.031962007	48878	11410	0.233438357	1
ANN1265	0.006538058	0.021810575	47773	8564	0.179264438	1
ANN0823	0.006570964	0.058073963	46628	6947	0.148987733	1
ANN0943	0.006586977	0.001444392	47489	8400	0.176883068	1
ANN1002	0.006596948	-0.026209272	48389	9713	0.200727438	1
ANN1195	0.006656302	-0.015080774	48677	10648	0.218748074	1
ANN1297	0.006685012	-0.014779003	48106	9213	0.191514572	1
ANN1188	0.006693826	-0.010132193	48596	10471	0.215470409	1
ANN0819	0.006703049	0.058676023	46798	7235	0.154600624	1
ANN0928	0.006709458	0.029629862	48090	9317	0.193740902	1
ANN1033	0.006775786	0.024597112	47890	9098	0.189977031	1
ANN1067	0.00679223	0.023249461	47995	9087	0.189332222	1
ANN1393	0.006892533	-0.010218875	48567	9863	0.203080281	1
ANN1380	0.00694655	-0.008973756	48766	10493	0.215170406	1
ANN0980	0.007038314	-0.011801698	48140	9265	0.192459493	1
ANN1401	0.007046142	-0.013074575	48005	8692	0.181064472	1
ANN1174	0.007047511	-0.015806122	48452	9725	0.200714109	1
ANN1240	0.007088995	-0.008078523	48499	9603	0.198004083	1
ANN1079	0.00709484	-0.001284084	47625	8402	0.176419948	1
ANN1267	0.007096593	0.020599723	47953	8853	0.184618272	1
ANN0913	0.0071463	0.020453688	48255	9556	0.198031292	1
ANN0933	0.007218817	-0.010209354	48381	9780	0.20214547	1
ANN1199	0.007219609	-0.019669992	48150	9027	0.187476636	1
ANN1203	0.007270525	-0.013426805	48487	9946	0.205127147	1
ANN1169	0.00729192	-0.019713205	48607	10747	0.221099842	1
ANN1073	0.007294507	0.005165262	48531	9864	0.20325153	1
ANN1050	0.007319818	0.034129311	47743	8459	0.177177806	1
ANN1281	0.007337701	0.019712637	47556	7946	0.167087223	1
ANN1014	0.007340537	-0.025557591	48189	9477	0.196663139	1
ANN1031	0.007347089	0.004007896	47855	9132	0.190826455	1
ANN0873	0.00736628	0.031953625	47818	9036	0.188966498	1
ANN0919	0.007434632	0.00834368	47602	8224	0.17276585	1
ANN0983	0.007503083	-0.016926096	47623	8385	0.176070386	1
ANN1329	0.007507853	-0.013273021	47827	8477	0.17724298	1
ANN0936	0.007510309	-0.005366159	48103	9198	0.191214685	1
ANN1077	0.007557356	-0.002901658	47829	8601	0.179828138	1
ANN1264	0.007589376	0.020069388	48139	8823	0.183281747	1
ANN1035	0.007593252	0.028109263	47017	7633	0.162345535	1
ANN1304	0.007605113	-0.012897687	47156	7454	0.158071083	1
ANN1224	0.007682935	-0.009683767	48441	9343	0.192873805	1
ANN1074	0.007690197	0.002986405	48372	9398	0.194285951	1
ANN1376	0.007819593	-0.013383072	48286	8931	0.184960444	1
QPG4_KS2W-35	0.007827345	-0.019670309	48924	14414	0.294620227	1
HT247_IA1W-33	0.007844511	-0.019256503	48626	10769	0.221465882	1
ANN1182	0.007861708	-0.014738896	47844	8704	0.181924588	1
ANN1342	0.007871607	-0.010137217	47769	7946	0.166342188	1
Q094_ND1W-38	0.007887975	-0.015051729	48149	9839	0.204344846	1
ANN1330	0.007904503	-0.0087591	48169	9088	0.188669061	1
HT274_KS1W-3	0.007913833	-0.018582769	48608	10307	0.212043285	1
ANN0953	0.007920951	-0.015763199	47553	7881	0.165730869	1
ANN0968	0.007923432	-0.018963885	47859	8503	0.177667732	1
ANN1167	0.007934514	-0.018807026	47672	8631	0.181049673	1
ANN1010	0.007934961	-0.022150117	48235	9729	0.20170001	1
ANN1001	0.007960246	-0.022772561	47669	8182	0.171641948	1
ANN0909	0.007968165	-0.001197129	48577	10249	0.210984622	1
ANN1309	0.008120374	-0.017211504	48282	9543	0.197651299	1
ANN1305	0.008133642	-0.014237033	47114	7461	0.158360572	1
ANN0995	0.008154814	-0.022546521	48114	9269	0.192646631	1
ANN1230	0.00816311	-0.009638366	47681	8020	0.16820117	1
ANN1395	0.008181751	-0.010396682	48195	8820	0.183006536	1
ANN1318	0.008187478	-0.01028812	47293	7489	0.158353245	1
ANN1185	0.008229186	-0.016409337	47775	8592	0.179843014	1
ANN1371	0.00827184	-0.008774384	47291	7396	0.156393394	1
ANN1375	0.008274142	-0.011583304	48037	8543	0.17784208	1
HT373_SD1W-4	0.008341705	-0.01210806	47711	8575	0.179727945	1
ANN1320	0.008354802	-0.013277288	47486	7962	0.167670471	1
ANN1402	0.008359981	-0.012094052	48066	8448	0.175758332	1
ANN0907	0.008361805	-0.002393789	47809	8538	0.178585622	1
ANN0915	0.008383273	0.0241265	47160	7706	0.163401187	1
HT033N_IA2W-38	0.008418785	-0.015955415	48011	8997	0.187394555	1
ANN0963	0.008435662	-0.022383074	48192	8910	0.184885458	1
ANN1261	0.008460176	0.009214911	47869	8428	0.176063841	1
ANN0960	0.008472859	-0.014226886	48047	8636	0.179740671	1
ANN1289	0.008473838	0.020516391	46237	6324	0.13677358	1
ANN1231	0.008482798	-0.013765355	47516	7495	0.157736341	1
ANN1303	0.008486079	-0.013432208	47922	8678	0.181085931	1
ANN0990	0.008555814	-0.010060176	48113	9013	0.187329828	1
ANN0989	0.008636392	-0.013431714	47667	8539	0.179138607	1
ANN1344	0.008659564	-0.014420474	48438	9670	0.199636649	1
ANN1158	0.008685837	-0.020423911	47446	7997	0.168549509	1
HT014_IA2W-16	0.008707522	-0.015663021	47498	8229	0.1732494	1
ANN1064	0.008711703	0.01298888	45049	5588	0.124042709	1
ANN1207	0.008734485	-0.015410283	47900	8462	0.176659708	1
ANN1215	0.008737113	-0.008090511	47961	8614	0.179604262	1
ANN1165	0.008761435	-0.015464602	47385	8119	0.171341142	1
ANN1323	0.008793396	-0.007997463	48109	8864	0.18424827	1
ANN1227	0.008801956	-0.011081856	47735	7942	0.166376872	1
ANN1394	0.008812926	-0.007647253	47759	7800	0.163320003	1
HT194_SD2W-15	0.008818195	-0.015418606	46722	7222	0.154573862	1
ANN1156	0.008870199	-0.014329058	47270	7787	0.164734504	1
ANN1181	0.008890804	-0.017390726	47872	8759	0.182967079	1
ANN1420	0.008942736	-0.0128866	47756	8595	0.179977385	1
ANN1184	0.008987378	-0.013911033	48076	8942	0.185997171	1
ANN1398	0.00899591	-0.010490891	48610	9543	0.19631763	1
ANN1190	0.009020132	-0.013274921	48001	8809	0.18351701	1
ANN1148	0.009058975	-0.023529025	47375	7926	0.16730343	1
ANN1162	0.009059563	-0.017711471	47833	8608	0.179959442	1
ANN1166	0.009071412	-0.014785806	47758	8749	0.183194439	1
ANN1407	0.009101164	-0.014350878	47794	7875	0.164769636	1
HT301_MB1W_16B	0.00911194	-0.015981533	47914	8792	0.183495429	1
ANN1340	0.009115737	-0.009573919	48003	8470	0.176447305	1
ANN0987	0.009127006	-0.022202869	47560	8257	0.173612279	1
ANN1250	0.00917813	-0.013177894	47437	7457	0.157197968	1
ANN0973	0.00918569	-0.014536614	47226	7481	0.158408504	1
ANN0984	0.009192045	-0.01103811	46954	6861	0.146121736	1
ANN1217	0.009245453	-0.01448853	48148	9032	0.18758827	1
Q097_SD1W-6	0.009286646	-0.012523182	45376	5879	0.129561883	1
ANN1205	0.00930479	-0.016488017	48041	9083	0.189067671	1
ANN1164	0.009325345	-0.019054159	47070	7665	0.162842575	1
HT378_SK1W-22	0.0093479	-0.013364111	47507	8358	0.175931968	1
HT220_SK1W-15	0.009388215	-0.01287787	46178	6790	0.147039716	1
ANN1312	0.009459686	-0.018769281	48260	8660	0.179444675	1
ANN0935	0.009465983	-0.007125591	47457	7652	0.161240702	1
ANN1216	0.009485513	-0.01221619	48187	9090	0.18864009	1
ANN1391	0.009490951	-0.01253947	47108	6892	0.146302114	1
ANN1137	0.009500558	-0.034789398	46059	6323	0.137280445	1
ANN1189	0.009541517	-0.01444971	47456	7943	0.167376096	1
ANN1399	0.009541976	-0.011950719	47776	8040	0.168285332	1
ANN1161	0.009565425	-0.020287667	47425	7950	0.167633105	1
HT5_ND1W-22	0.00957074	-0.010787228	39389	2956	0.075046333	1
HT379_SK1W-22R	0.009655807	-0.015699918	48510	12501	0.257699443	1
ANN1405	0.009714588	-0.010849093	47493	7107	0.149643105	1
ANN1327	0.009719295	-0.012006089	47958	8499	0.177217565	1
Q046_KS2W-24	0.00972706	-0.023785772	48551	10211	0.210314927	1
ANN1501	0.009736181	-0.008298644	43264	4341	0.100337463	1
ANN1192	0.009826085	-0.016851921	46396	6403	0.138007587	1
ANN1362	0.009827094	-0.012880207	48582	9655	0.198736157	1
Q076_IA1W-11	0.009855166	-0.015943044	46224	6804	0.147196262	1
ANN1232	0.009901478	-0.011927115	47429	7464	0.157372072	1
ANN1326	0.009917206	-0.011745052	47398	7681	0.162053251	1
ANN1210	0.010078879	-0.016571389	47019	7352	0.156362322	1
ANN0976	0.010082335	-0.016787229	47518	7605	0.160044615	1
HT360_SD1W-35	0.010093585	-0.014146574	46147	6263	0.135718465	1
ANN1100	0.01010889	-0.035827749	47593	8235	0.173029647	1
ANN1179	0.010158114	-0.015346778	47865	8484	0.177248511	1
ANN1369	0.010267378	-0.01105774	46997	6846	0.145668872	1
HT45_ND1W-36	0.010306074	-0.011487716	42618	4142	0.097188981	1
ANN1170	0.010311482	-0.020777056	47857	8618	0.180078149	1
HT118_SD2W-19	0.010452488	-0.015404574	45150	5608	0.124208195	1
HT300_MB1W16	0.010489365	-0.014080676	46506	6827	0.146798263	1
ANN1368	0.010519729	-0.011080036	47647	7657	0.160702668	1
HT93_ND1W-33	0.010593455	-0.013364429	44510	5591	0.125612222	1
HT242_SK1W-25	0.010758959	-0.010366961	42693	4284	0.100344319	1
ANN1364	0.010861164	-0.012448126	48316	9074	0.187805282	1
ANN1400	0.010891362	-0.00922107	47238	6767	0.143253313	1
ANN1408	0.010944424	-0.017555708	47501	7367	0.155091472	1
ANN1357	0.010990313	-0.011275403	48345	8747	0.180928741	1
HT100_SK1W-29	0.011015765	-0.016536001	45601	6838	0.149952852	1
HT146_SD2W-5	0.011074627	-0.015549666	43266	4306	0.099523876	1
ANN1355	0.011119976	-0.013111528	47433	7381	0.155608964	1
HT165_MO1W-16	0.01116142	-0.013126529	47616	8354	0.175445228	1
ANN1017	0.011188662	-0.028711526	46784	6905	0.147593194	1
ANN1361	0.011353483	-0.012062503	48323	8758	0.181238748	1
HT61_MB1W-31	0.011363391	-0.021275818	45928	6157	0.134057655	1
ANN1360	0.011366449	-0.009923128	46770	6258	0.13380372	1
ANN1221	0.011394935	-0.011305609	47603	7578	0.159191648	1
HT232_MB1W-11	0.011723206	-0.009888713	40478	3262	0.080586986	1
Q166B_ND1W-25	0.011869454	-0.011149772	43629	4508	0.10332577	1
HT305_ND1W-27	0.011881759	-0.01375463	47136	7583	0.160874915	1
ANN1367	0.01212123	-0.012487211	47318	7254	0.153303183	1
HT24_IA2W-14	0.012132614	-0.015377946	42480	3773	0.088818267	1
ANN1348	0.012158695	-0.012535437	47526	7414	0.155998822	1
ANN1353	0.012801079	-0.010121208	48008	8108	0.168888519	1
ANN1347	0.013108233	-0.012759767	47246	6973	0.147589214	1
HT218_SD2W-30	0.014024319	-0.015716913	45197	5464	0.12089298	1
ANN1052	0.044474411	0.046390231	45920	920	0.020034843	2
HT277_KS1W-40	0.045658364	-0.002772239	43828	1913	0.043647896	2
ANN1370	0.045763749	-0.004056982	47172	829	0.017573985	2
ANN1060	0.046592865	0.045078062	47622	2219	0.046596111	2
ANN1056	0.046783846	0.044349597	47387	2028	0.042796548	2
ANN1048	0.046863002	0.032516086	47153	3356	0.071172566	2
Q33_IA1W-28	0.046903763	-0.001756179	42705	334	0.007821098	2
HT142_MO1W-15	0.046955841	-0.003543279	44072	2163	0.04907878	2
ANN1241	0.046962969	-0.001478373	47233	3356	0.071052019	2
ANN1045	0.047159916	0.039436513	47253	2985	0.063170592	2
HT104_KS2W-15R	0.047357014	-0.00571944	43994	1440	0.032731736	2
Q099_SD1W-21B	0.047383081	-0.0017343	43636	2262	0.051837932	2
ANN0899	0.047452455	0.052671435	46671	2324	0.049795376	2
HT140_MO1W-2R	0.047476351	-0.003170709	43844	2185	0.049835781	2
ANN1382	0.047533561	-0.001576307	46588	2785	0.059779342	2
ANN1222	0.047547644	4.82E-04	47973	4320	0.090050653	2
ANN1249	0.047637704	-4.93E-04	47727	3780	0.079200453	2
ANN0888	0.047715407	0.054717517	46424	2040	0.043942788	2
ANN1383	0.047751353	-0.001553647	47936	3930	0.081984312	2
ANN1389	0.047775802	-0.001780562	47698	3772	0.079080884	2
ANN0893	0.047790513	0.050319314	47193	2713	0.057487339	2
ANN1339	0.047833159	-0.001285727	47550	3872	0.081430074	2
ANN1388	0.047846668	-0.002821684	47703	2351	0.049284112	2
ANN1044	0.047867275	0.03840865	47331	3115	0.065813103	2
ANN1387	0.047887436	-0.001094995	47713	3706	0.077672752	2
ANN1245	0.047893245	-0.003148373	47484	3456	0.072782411	2
QPC2_IA2W-6	0.047894564	-0.002055607	44488	2269	0.051002518	2
HT233_MB1W-14	0.047925178	-0.001800875	44130	1889	0.042805348	2
ANN1379	0.047996873	-9.28E-04	47391	3434	0.072461016	2
Q100_SD2W-23R	0.048114368	-0.002704943	45328	2760	0.060889516	2
QPE2_KS1W-26	0.048123651	-0.002142833	45582	2706	0.059365539	2
ANN1409	0.048187909	-6.72E-04	47963	4233	0.08825553	2
ANN1350	0.048221052	-0.003613277	46964	1875	0.039924197	2
ANN1247	0.048253595	-0.001441674	47869	3888	0.081221667	2
ANN1392	0.048258606	-0.00166596	47879	4028	0.084128741	2
ANN1341	0.048304544	3.99E-04	48349	4059	0.083952098	2
ANN1397	0.048341887	-0.002111527	47839	3822	0.079892974	2
HT56_IA2W-37	0.048348412	-0.001130626	44450	2559	0.057570304	2
ANN1333	0.048354146	0.001388207	47800	4309	0.090146444	2
ANN1335	0.048395845	-1.76E-04	47742	3957	0.082882996	2
ANN1403	0.048417164	-0.002811656	47303	3595	0.075999408	2
ANN1385	0.048428502	-0.001888779	47963	3858	0.080437004	2
HT60_MB1W-30	0.048434948	-0.004324116	45159	2526	0.055935694	2
ANN0881	0.048469865	0.054248001	47356	3275	0.069157023	2
ANN1042	0.048501187	0.03501506	47292	2929	0.061934365	2
ANN1228	0.0485777	6.30E-04	47761	338	0.007076904	2
ANN1386	0.048578498	-0.001594687	48206	4163	0.086358545	2
ANN1343	0.048586146	-0.002166422	47965	4445	0.09267174	2
ANN1390	0.048603585	-0.001692637	48136	3987	0.082827821	2
ANN1225	0.048641123	0.001704313	48381	4590	0.094871954	2
ANN1238	0.048648311	-0.002349046	48327	4678	0.096798891	2
ANN1396	0.048650155	-0.001277118	48037	4376	0.091096446	2
Q075_IA1W-1	0.048671306	-0.004032048	46483	3611	0.077684315	2
ANN1337	0.048672163	2.80E-04	48114	377	0.007835557	2
ANN0885	0.048676383	0.053443262	47237	2854	0.06041874	2
ANN1229	0.048716475	8.27E-04	48603	5143	0.105816513	2
ANN1332	0.04876674	6.83E-04	48273	4587	0.095022062	2
ANN1384	0.048770688	-0.001803259	48171	4171	0.086587366	2
ANN1336	0.048794699	7.96E-04	47385	3235	0.06827055	2
ANN1331	0.048847902	-3.79E-04	48419	4756	0.098225903	2
ANN1346	0.048848903	-0.00323255	47746	3056	0.064005362	2
ANN1313	0.048862065	-6.93E-04	47827	4073	0.085161101	2
ANN1246	0.048888537	-0.002152564	47065	252	0.005354297	2
ANN1345	0.048907392	-9.44E-04	47860	3920	0.081905558	2
ANN0951	0.048915666	-0.001579273	46528	2594	0.055751376	2
ANN1374	0.048922379	-8.00E-04	48042	4469	0.093022772	2
ANN1334	0.048940583	8.35E-04	47953	3777	0.078764624	2
ANN0941	0.048961779	-7.51E-04	47306	2167	0.045808143	2
ANN0887	0.049048139	0.054267017	47376	2377	0.050173083	2
ANN1366	0.049099836	-0.004172113	48036	4332	0.090182363	2
HT011_IA2W-37	0.049110694	-0.002436465	45673	2734	0.059860311	2
ANN1322	0.049119395	-0.001214178	48107	4139	0.086037375	2
HT141_MO1W-11	0.049149431	-0.00259585	45273	2417	0.053387229	2
ANN1248	0.049154172	-0.003057027	48077	4035	0.083927866	2
ANN1325	0.049292731	-4.94E-04	47625	4342	0.091170604	2
ANN1242	0.049298532	-7.67E-04	47802	3783	0.079138948	2
HT196_SK1W-1	0.049383924	-0.002096136	46587	3272	0.070234186	2
HT55_IA2W-17	0.0494025	-0.003793543	45095	2546	0.056458587	2
ANN1244	0.04940416	-0.003294805	48158	3981	0.082665393	2
ANN0883	0.049423156	0.057227384	47464	2169	0.045697792	2
ANN1373	0.049424538	-0.001551206	48840	5781	0.118366093	2
ANN1223	0.04942504	1.81E-04	48511	4603	0.094885696	2
ANN1349	0.049436421	-0.002532757	48371	4979	0.102933576	2
Q144C_ND1W-31	0.049455131	-0.00367162	45308	2957	0.065264412	2
ANN1338	0.04946188	-1.33E-04	48779	5827	0.119457143	2
ANN1239	0.049465369	-0.001211228	48201	4558	0.094562353	2
ANN1404	0.049542118	-0.001869214	47713	4105	0.086035252	2
HT6_SD1W-21	0.049562946	-0.003503154	45269	2800	0.061852482	2
ANN1219	0.049564161	-0.0015065	48320	4756	0.098427152	2
ANN0977	0.049579387	3.02E-04	47741	4286	0.089776083	2
ANN1243	0.04965459	-0.001904371	48681	4920	0.101066124	2
ANN1381	0.049663957	-0.00147699	48484	4582	0.094505404	2
ANN0944	0.049686739	0.005601947	47664	3736	0.078382007	2
ANN1218	0.049755957	-0.00182939	48507	5124	0.105634238	2
Q098_SD1W-14	0.049785421	-6.38E-04	46191	3235	0.070035288	2
ANN1147	0.049804183	-0.003479762	47228	3370	0.071355975	2
ANN1220	0.049807633	-0.00109443	48346	4642	0.096016216	2
ANN0912	0.0498381	0.016076564	47080	3222	0.068436703	2
HT51_SD2W-40	0.04985308	-0.003133761	45327	2197	0.048470007	2
ANN1363	0.049864089	-1.61E-04	48320	3920	0.081125828	2
HT68_MO1W-7	0.049869502	-0.003144518	46172	3196	0.06921944	2
HT227_KS2W-9	0.049882958	-4.76E-04	46151	3048	0.066044073	2
ANN1315	0.049980548	-9.41E-04	48362	4010	0.082916339	2
HT236_MO1W-2	0.050008361	-0.005379055	45718	3040	0.066494597	2
ANN0902	0.050027671	0.026621582	46759	241	0.005154088	2
ANN0818	0.050108272	0.04973304	47764	1729	0.036198811	2
ANN0914	0.050137643	0.021385049	47851	3874	0.080959646	2
HT217_SD2W-21	0.050173578	-0.003804457	46770	3295	0.070451144	2
ANN0955	0.050185583	-2.37E-04	47693	3909	0.081961713	2
ANN0954	0.050260872	0.001816655	47825	3791	0.079268165	2
Q083_KS2W-14	0.05031349	-0.002630749	46499	3506	0.075399471	2
ANN1186	0.050355849	-0.001157506	47250	3669	0.077650794	2
ANN1068	0.050470165	0.018273528	47600	367	0.007710084	2
Q036B_KS1W-19	0.050479749	-0.001935259	46773	3323	0.071045261	2
ANN0988	0.050496407	-3.90E-04	47767	3981	0.083342056	2
ANN1439	0.050497983	-0.002993301	47180	1597	0.033849089	2
ANN1212	0.050511753	-5.48E-04	48404	4490	0.092760929	2
ANN0952	0.050525452	-0.001399131	47734	3780	0.079188838	2
ANN0949	0.050529434	0.006733604	47352	3780	0.079827674	2
ANN1065	0.050572557	0.018938171	47600	230	0.004831933	2
HT234_MB1W-39	0.050673977	-0.005251954	45918	192	0.004181367	2
ANN1007	0.050685729	-0.001544801	47164	3517	0.074569587	2
ANN0956	0.050725506	-0.00147863	48422	4892	0.101028458	2
HT213_ND1W-20	0.050767502	-0.001831721	46724	3566	0.076320521	2
ANN1308	0.050781929	-0.00227441	47188	1937	0.041048572	2
ANN1208	0.050848925	-0.002291023	47734	4234	0.088699878	2
HT255_KS1W-29	0.050876191	-0.001464378	46756	1515	0.032402259	2
ANN1201	0.050902696	-0.001076069	47672	4083	0.08564776	2
ANN1163	0.050920959	-0.001302602	47468	3824	0.080559535	2
ANN0904	0.050939886	0.026810146	47292	410	0.008669542	2
ANN1175	0.051005324	-0.002874366	47147	3480	0.073811695	2
ANN0901	0.051010919	0.026386303	47442	438	0.009232326	2
ANN1115	0.051033011	-0.002499746	48182	3832	0.079531775	2
ANN1202	0.051033548	-4.50E-04	47649	635	0.013326618	2
ANN0974	0.051057616	-6.83E-04	47711	4297	0.090063088	2
HT172_SK1W-Q	0.051076365	-0.002391369	46058	2644	0.05740588	2
HT103_IA2W-39	0.051091201	-0.001918752	46590	3658	0.078514703	2
ANN0991	0.051172456	-0.002989741	47787	3643	0.076234122	2
ANN0942	0.051204354	0.003295311	48426	4802	0.099161607	2
ANN1178	0.051349046	-0.001639332	48208	4710	0.097701626	2
ANN0999	0.051368495	-0.003814963	46802	2036	0.043502414	2
Q041_KS1W-24	0.051381586	-0.001140896	48330	4784	0.098986137	2
ANN1177	0.051418408	-4.51E-04	48339	4847	0.100271003	2
ANN1005	0.051426516	-0.002914553	48286	4572	0.09468583	2
ANN1310	0.051447472	-0.002157802	48584	4222	0.086901037	2
Q017B_KS2W-6_1R	0.051611689	-0.003644665	48081	4723	0.09823007	2
ANN1172	0.051628482	-0.002373425	48482	5300	0.109318922	2
ANN1206	0.05166337	3.72E-05	48311	4622	0.095671793	2
ANN1008	0.051691692	-0.001372132	48101	4034	0.0838652	2
ANN1171	0.05170731	-4.45E-04	47969	4229	0.088161104	2
HT124_SK1W-36	0.051714082	-0.002252826	46159	2629	0.056955307	2
Q042_KS1W-35	0.051722551	-0.003228894	48716	5288	0.1085475	2
HT149_IA2W-29	0.051738753	-0.002872326	47070	3630	0.077119184	2
ANN0948	0.051739489	8.47E-04	47667	4231	0.088761617	2
HT164_MO1W-3	0.051746429	0.001062635	48496	4967	0.102420818	2
HT352_MO1W-33	0.051827687	-0.003960172	47332	3379	0.071389335	2
ANN1176	0.051832208	-7.85E-04	48075	4505	0.093707748	2
ANN1003	0.051922818	-0.003347171	48137	4368	0.09074101	2
Q052B-KS2W-15	0.052020557	-5.36E-04	48538	5312	0.109440026	2
ANN1180	0.052026268	-0.001704384	48134	4597	0.095504217	2
ANN1009	0.052124804	-0.001962988	48161	4209	0.087394365	2
ANN1173	0.052135506	-0.001863811	48164	4516	0.093762976	2
QPA2_KS2W-8	0.052141118	-9.08E-04	48613	5323	0.10949746	2
HT013_SD2W-18	0.052144401	-0.001903535	47888	4388	0.091630471	2
ANN0947	0.052212621	0.005148923	47939	1790	0.037339118	2
QPC1_SK1W-37	0.052274213	-0.002987793	47359	3772	0.079646952	2
ANN0950	0.052280914	0.001736581	48161	4563	0.09474471	2
HT271_IA1W-15	0.052292757	-0.00228344	48512	5356	0.110405673	2
ANN1168	0.052366054	-0.003404285	47737	4002	0.083834342	2
Q076C_SD2W-23	0.052399955	-0.001995112	48006	4719	0.098300212	2
ANN1204	0.05246073	-0.001526136	48501	5098	0.105111235	2
ANN0993	0.052534631	-0.003669455	46901	241	0.005138483	2
QPB3_IA2W-7	0.05255296	-0.002618415	48400	4971	0.102706612	2
Q086_MB1W-40	0.052590405	-0.005382231	47835	421	0.008801087	2
HT365_IA2W-11	0.052672525	-0.002174091	48187	4620	0.095876481	2
QPD2_KS1W-32	0.052725995	-0.003002289	48761	5751	0.117942618	2
ANN1154	0.052741972	-0.00373962	48081	3232	0.0672199	2
ANN1419	0.052785391	-0.002689933	48137	4517	0.093836342	2
ANN0971	0.052820512	-0.00213399	48315	4758	0.098478733	2
ANN0985	0.052843976	-0.001476661	48868	5740	0.117459278	2
HT308_SD2W-27	0.05287009	-0.004018087	48508	5023	0.10354993	2
HT269_IA1W-5	0.052880062	-0.002231148	48761	5821	0.119378192	2
HT317_IA1W-4	0.052950258	-0.002882007	48622	5511	0.113343754	2
Q077_IA1W-21	0.052965827	-0.00263939	48065	3862	0.080349527	2
HT270_IA1W_11R	0.053291453	-0.0033604	48839	6107	0.12504351	2
Q021B_IA1W-2	0.053402154	-0.001705997	48719	5995	0.123052608	2
ANN0992	0.053417552	-0.003557684	48258	4798	0.09942393	2
ANN0996	0.053570304	-0.003841757	47861	348	0.007271056	2
ANN0997	0.053584551	-0.003850428	48558	5825	0.119959636	2
HT272_IA1W-39	0.053696303	-0.00219945	48579	5545	0.114143972	2
HT311_SK1W-29R	0.05372672	-0.00317774	48735	6205	0.127321227	2
HT290_SD1W-20	0.054158206	-0.004123304	48082	4609	0.095857077	2
HT237_MO1W-38	0.054173305	-8.00E-04	48905	6116	0.125058787	2
QPG1_SD1W-15	0.057915805	-0.008517794	48958	401	0.008190694	2
